# vtk DataFile Version 1.0
vtk output
ASCII
DATASET POLYDATA
POINTS 961 float
-0.996474 -0.009329 -0.997198 -0.871857 0.051018 -0.998435 
-0.753299 0.105782 -0.999503 -0.640581 0.155120 -1.000410 
-0.533483 0.199190 -1.001165 -0.431786 0.238147 -1.001778 
-0.335269 0.272150 -1.002256 -0.243712 0.301355 -1.002608 
-0.156897 0.325918 -1.002844 -0.074603 0.345998 -1.002973 
0.003389 0.361749 -1.003003 0.077299 0.373331 -1.002943 
0.147347 0.380899 -1.002802 0.213752 0.384610 -1.002589 
0.276735 0.384621 -1.002313 0.336514 0.381090 -1.001983 
0.393310 0.374172 -1.001607 0.447343 0.364026 -1.001194 
0.498831 0.350807 -1.000754 0.547995 0.334673 -1.000294 
0.595055 0.315781 -0.999825 0.640230 0.294287 -0.999354 
0.683740 0.270348 -0.998892 0.725804 0.244122 -0.998445 
0.766643 0.215766 -0.998025 0.806476 0.185435 -0.997638 
0.845523 0.153287 -0.997295 0.884003 0.119480 -0.997003 
0.922137 0.084169 -0.996773 0.960143 0.047512 -0.996612 
0.998242 0.009665 -0.996530 -0.977670 -0.007419 -0.920419 
-0.854548 0.056208 -0.921008 -0.737440 0.114177 -0.921577 
-0.626124 0.166632 -0.922125 -0.520380 0.213718 -0.922651 
-0.419984 0.255579 -0.923155 -0.324716 0.292361 -0.923636 
-0.234353 0.324209 -0.924094 -0.148674 0.351266 -0.924528 
-0.067458 0.373678 -0.924938 0.009519 0.391590 -0.925324 
0.082477 0.405147 -0.925685 0.151638 0.414492 -0.926020 
0.217224 0.419772 -0.926329 0.279456 0.421130 -0.926612 
0.338557 0.418712 -0.926868 0.394749 0.412662 -0.927096 
0.448252 0.403125 -0.927296 0.499289 0.390246 -0.927468 
0.548081 0.374170 -0.927611 0.594850 0.355041 -0.927725 
0.639818 0.333004 -0.927809 0.683207 0.308204 -0.927862 
0.725238 0.280786 -0.927885 0.766134 0.250894 -0.927876 
0.806115 0.218674 -0.927835 0.845404 0.184269 -0.927763 
0.884222 0.147826 -0.927657 0.922791 0.109488 -0.927518 
0.961333 0.069400 -0.927346 1.000070 0.027708 -0.927139 
-0.961449 -0.005733 -0.845171 -0.839803 0.060978 -0.845212 
-0.724106 0.121957 -0.845361 -0.614137 0.177337 -0.845608 
-0.509672 0.227253 -0.845945 -0.410491 0.271836 -0.846364 
-0.316371 0.311222 -0.846856 -0.227090 0.345544 -0.847413 
-0.142426 0.374935 -0.848026 -0.062157 0.399529 -0.848686 
0.013939 0.419459 -0.849385 0.086085 0.434860 -0.850115 
0.154502 0.445865 -0.850866 0.219412 0.452607 -0.851632 
0.281038 0.455220 -0.852402 0.339601 0.453838 -0.853168 
0.395324 0.448594 -0.853923 0.448428 0.439623 -0.854657 
0.499136 0.427057 -0.855362 0.547670 0.411030 -0.856030 
0.594251 0.391676 -0.856651 0.639103 0.369128 -0.857218 
0.682446 0.343520 -0.857721 0.724504 0.314986 -0.858153 
0.765497 0.283660 -0.858505 0.805649 0.249674 -0.858768 
0.845181 0.213163 -0.858934 0.884315 0.174260 -0.858994 
0.923274 0.133099 -0.858940 0.962279 0.089813 -0.858763 
1.001553 0.044536 -0.858455 -0.947675 -0.004260 -0.771366 
-0.827476 0.065340 -0.770952 -0.713145 0.129137 -0.770754 
-0.604460 0.187253 -0.770756 -0.501200 0.239813 -0.770942 
-0.403145 0.286939 -0.771298 -0.310074 0.328756 -0.771808 
-0.221766 0.365385 -0.772456 -0.138000 0.396952 -0.773227 
-0.058555 0.423579 -0.774107 0.016790 0.445389 -0.775080 
0.088255 0.462506 -0.776129 0.156061 0.475054 -0.777242 
0.220430 0.483155 -0.778400 0.281581 0.486933 -0.779591 
0.339737 0.486512 -0.780798 0.395117 0.482014 -0.782005 
0.447943 0.473564 -0.783199 0.498435 0.461284 -0.784363 
0.546815 0.445299 -0.785482 0.593303 0.425730 -0.786540 
0.638119 0.402703 -0.787523 0.681486 0.376339 -0.788415 
0.723623 0.346763 -0.789201 0.764752 0.314098 -0.789866 
0.805093 0.278467 -0.790394 0.844867 0.239994 -0.790770 
0.884296 0.198802 -0.790978 0.923599 0.155014 -0.791004 
0.962998 0.108754 -0.790832 1.002714 0.060145 -0.790447 
-0.936209 -0.002986 -0.698914 -0.817421 0.069308 -0.698133 
-0.704402 0.135731 -0.697657 -0.596936 0.196395 -0.697464 
-0.494803 0.251417 -0.697535 -0.397786 0.300908 -0.697847 
-0.305665 0.344984 -0.698380 -0.218224 0.383759 -0.699113 
-0.135244 0.417345 -0.700025 -0.056505 0.445858 -0.701095 
0.018209 0.469412 -0.702303 0.089117 0.488120 -0.703627 
0.156438 0.502096 -0.705047 0.220390 0.511455 -0.706541 
0.281190 0.516310 -0.708088 0.339058 0.516776 -0.709669 
0.394212 0.512966 -0.711261 0.446869 0.504994 -0.712844 
0.497248 0.492975 -0.714397 0.545568 0.477022 -0.715899 
0.592047 0.457250 -0.717330 0.636902 0.433772 -0.718667 
0.680353 0.406702 -0.719891 0.722617 0.376155 -0.720981 
0.763913 0.342245 -0.721915 0.804459 0.305085 -0.722672 
0.844473 0.264789 -0.723232 0.884174 0.221472 -0.723575 
0.923779 0.175247 -0.723678 0.963508 0.126228 -0.723520 
1.003579 0.074530 -0.723082 -0.926916 -0.001899 -0.627725 
-0.809490 0.072895 -0.626658 -0.697725 0.141753 -0.625968 
-0.591406 0.204780 -0.625629 -0.490320 0.262082 -0.625615 
-0.394251 0.313763 -0.625902 -0.302985 0.359930 -0.626463 
-0.216308 0.400688 -0.627274 -0.134006 0.436142 -0.628309 
-0.055863 0.466398 -0.629543 0.018336 0.491561 -0.630950 
0.088803 0.511737 -0.632505 0.155754 0.527030 -0.634182 
0.219404 0.537547 -0.635956 0.279967 0.543393 -0.637802 
0.337657 0.544673 -0.639694 0.392689 0.541493 -0.641607 
0.445278 0.533959 -0.643515 0.495637 0.522174 -0.645393 
0.543982 0.506246 -0.647215 0.590527 0.486280 -0.648957 
0.635487 0.462380 -0.650592 0.679075 0.434652 -0.652095 
0.721507 0.403203 -0.653442 0.762998 0.368136 -0.654605 
0.803760 0.329558 -0.655561 0.844010 0.287574 -0.656283 
0.883961 0.242290 -0.656747 0.923829 0.193811 -0.656926 
0.963827 0.142241 -0.656795 1.004170 0.087688 -0.656330 
-0.919659 -0.000986 -0.557712 -0.803537 0.076115 -0.556434 
-0.692959 0.147219 -0.555587 -0.587713 0.212423 -0.555145 
-0.487590 0.271826 -0.555076 -0.392380 0.325524 -0.555354 
-0.301874 0.373616 -0.555948 -0.215862 0.416199 -0.556830 
-0.134134 0.453370 -0.557971 -0.056480 0.485227 -0.559343 
0.017309 0.511868 -0.560916 0.087443 0.533391 -0.562661 
0.154132 0.549893 -0.564549 0.217586 0.561471 -0.566553 
0.278014 0.568223 -0.568642 0.335626 0.570248 -0.570787 
0.390632 0.567642 -0.572961 0.443241 0.560503 -0.575134 
0.493663 0.548928 -0.577277 0.542109 0.533016 -0.579362 
0.588787 0.512864 -0.581359 0.633908 0.488570 -0.583239 
0.677681 0.460230 -0.584974 0.720316 0.427944 -0.586535 
0.762023 0.391807 -0.587893 0.803011 0.351919 -0.589018 
0.843490 0.308377 -0.589883 0.883670 0.261277 -0.590458 
0.923761 0.210719 -0.590715 0.963972 0.156799 -0.590624 
1.004513 0.099615 -0.590156 -0.914299 -0.000235 -0.488785 
-0.799416 0.078980 -0.487363 -0.689950 0.152143 -0.486415 
-0.585697 0.219342 -0.485908 -0.486452 0.280668 -0.485812 
-0.392012 0.336212 -0.486094 -0.302172 0.386064 -0.486724 
-0.216728 0.430316 -0.487671 -0.135476 0.469056 -0.488902 
-0.058212 0.502377 -0.490387 0.015268 0.530367 -0.492094 
0.085169 0.553119 -0.493992 0.151694 0.570721 -0.496049 
0.215047 0.583266 -0.498233 0.275434 0.590843 -0.500515 
0.333057 0.593542 -0.502861 0.388121 0.591455 -0.505242 
0.440830 0.584672 -0.507624 0.491389 0.573283 -0.509978 
0.540001 0.557378 -0.512271 0.586870 0.537049 -0.514472 
0.632201 0.512386 -0.516550 0.676198 0.483478 -0.518474 
0.719064 0.450418 -0.520212 0.761004 0.413295 -0.521732 
0.802223 0.372199 -0.523003 0.842924 0.327222 -0.523995 
0.883311 0.278454 -0.524675 0.923588 0.225984 -0.525011 
0.963960 0.169905 -0.524974 1.004631 0.110305 -0.524531 
-0.910701 0.000366 -0.420855 -0.796981 0.081505 -0.419352 
-0.688547 0.156539 -0.418350 -0.585201 0.225551 -0.417815 
-0.486747 0.288625 -0.417714 -0.392985 0.345846 -0.418014 
-0.303719 0.397298 -0.418683 -0.218750 0.443064 -0.419687 
-0.137880 0.483229 -0.420993 -0.060912 0.517876 -0.422569 
0.012352 0.547090 -0.424380 0.082111 0.570954 -0.426396 
0.148561 0.589554 -0.428581 0.211902 0.602972 -0.430904 
0.272330 0.611292 -0.433331 0.330043 0.614600 -0.435829 
0.385240 0.612978 -0.438365 0.438118 0.606511 -0.440907 
0.488876 0.595283 -0.443421 0.537710 0.579377 -0.445875 
0.584819 0.558879 -0.448235 0.630401 0.533871 -0.450468 
0.674653 0.504439 -0.452541 0.717773 0.470665 -0.454422 
0.759960 0.432634 -0.456077 0.801410 0.390430 -0.457474 
0.842323 0.344137 -0.458579 0.882895 0.293839 -0.459359 
0.923325 0.239620 -0.459782 0.963811 0.181564 -0.459813 
1.004549 0.119756 -0.459422 -0.908727 0.000831 -0.353831 
-0.796083 0.083702 -0.352304 -0.688594 0.160422 -0.351292 
-0.586067 0.231067 -0.350760 -0.488313 0.295716 -0.350676 
-0.395139 0.354447 -0.351005 -0.306356 0.407338 -0.351713 
-0.221772 0.454468 -0.352768 -0.141195 0.495914 -0.354135 
-0.064435 0.531755 -0.355780 0.008700 0.562069 -0.357669 
0.078400 0.586933 -0.359770 0.144857 0.606427 -0.362047 
0.208261 0.620628 -0.364467 0.268804 0.629614 -0.366997 
0.326677 0.633464 -0.369603 0.382071 0.632255 -0.372250 
0.435176 0.626066 -0.374906 0.486185 0.614975 -0.377536 
0.535289 0.599060 -0.380106 0.582677 0.578399 -0.382584 
0.628542 0.553071 -0.384934 0.673074 0.523153 -0.387123 
0.716465 0.488723 -0.389118 0.758905 0.449861 -0.390884 
0.800587 0.406643 -0.392389 0.841699 0.359148 -0.393597 
0.882435 0.307454 -0.394476 0.922985 0.251640 -0.394991 
0.963540 0.191783 -0.395109 1.004291 0.127962 -0.394796 
-0.908240 0.001171 -0.287627 -0.796578 0.085586 -0.286124 
-0.689938 0.163806 -0.285140 -0.588136 0.235906 -0.284640 
-0.490989 0.301958 -0.284590 -0.398313 0.362035 -0.284957 
-0.309923 0.416209 -0.285706 -0.225636 0.464554 -0.286805 
-0.145267 0.507141 -0.288218 -0.068633 0.544045 -0.289913 
0.004450 0.575337 -0.291855 0.074167 0.601091 -0.294012 
0.140702 0.621379 -0.296348 0.204238 0.636274 -0.298830 
0.264959 0.645849 -0.301424 0.323050 0.650177 -0.304097 
0.378695 0.649330 -0.306814 0.432076 0.643382 -0.309543 
0.483380 0.632405 -0.312248 0.532789 0.616471 -0.314897 
0.580488 0.595654 -0.317456 0.626660 0.570027 -0.319890 
0.671489 0.539662 -0.322165 0.715161 0.504632 -0.324249 
0.757858 0.465010 -0.326108 0.799764 0.420869 -0.327706 
0.841064 0.372281 -0.329011 0.881942 0.319320 -0.329990 
0.922581 0.262057 -0.330607 0.963166 0.200567 -0.330829 
1.003881 0.134921 -0.330623 -0.909104 0.001400 -0.222151 
-0.798318 0.087168 -0.220718 -0.692425 0.166707 -0.219795 
-0.591250 0.240085 -0.219350 -0.494615 0.307370 -0.219350 
-0.402344 0.368630 -0.219762 -0.314260 0.423932 -0.220552 
-0.230186 0.473345 -0.221687 -0.149946 0.516937 -0.223135 
-0.073362 0.554775 -0.224861 -0.000257 0.586927 -0.226834 
0.069544 0.613462 -0.229019 0.136219 0.634447 -0.231384 
0.199945 0.649950 -0.233895 0.260898 0.660039 -0.236519 
0.319256 0.664783 -0.239224 0.375194 0.664249 -0.241975 
0.428890 0.658504 -0.244740 0.480521 0.647618 -0.247486 
0.530263 0.631657 -0.250180 0.578294 0.610690 -0.252788 
0.624789 0.584785 -0.255278 0.669926 0.554010 -0.257615 
0.713882 0.518432 -0.259767 0.756833 0.478119 -0.261702 
0.798957 0.433141 -0.263385 0.840429 0.383563 -0.264783 
0.881427 0.329455 -0.265864 0.922127 0.270884 -0.266594 
0.962707 0.207919 -0.266941 1.003343 0.140626 -0.266870 
-0.911182 0.001529 -0.157316 -0.801156 0.088463 -0.155988 
-0.695903 0.169139 -0.155156 -0.595251 0.243620 -0.154787 
-0.499030 0.311970 -0.154849 -0.407073 0.374252 -0.155311 
-0.319208 0.430530 -0.156140 -0.235266 0.480868 -0.157306 
-0.155078 0.525328 -0.158775 -0.078474 0.563975 -0.160517 
-0.005284 0.596871 -0.162499 0.064661 0.624081 -0.164689 
0.131531 0.645668 -0.167056 0.195495 0.661695 -0.169567 
0.256724 0.672226 -0.172191 0.315386 0.677325 -0.174896 
0.371651 0.677054 -0.177650 0.425690 0.671478 -0.180421 
0.477671 0.660660 -0.183177 0.527764 0.644663 -0.185887 
0.576139 0.623551 -0.188518 0.622966 0.597388 -0.191039 
0.668413 0.566236 -0.193418 0.712651 0.530160 -0.195623 
0.755849 0.489223 -0.197622 0.798177 0.443489 -0.199383 
0.839805 0.393020 -0.200874 0.880901 0.337881 -0.202064 
0.921637 0.278135 -0.202920 0.962180 0.213845 -0.203411 
1.002702 0.145076 -0.203505 -0.914335 0.001572 -0.093031 
-0.804947 0.089484 -0.091840 -0.700217 0.171116 -0.091122 
-0.599980 0.246527 -0.090844 -0.504074 0.315775 -0.090979 
-0.412337 0.378922 -0.091495 -0.324606 0.436026 -0.092362 
-0.240719 0.487146 -0.093551 -0.160513 0.532343 -0.095031 
-0.083824 0.571675 -0.096773 -0.010491 0.605203 -0.098745 
0.059649 0.632984 -0.100919 0.126759 0.655080 -0.103265 
0.191001 0.671549 -0.105751 0.252538 0.682451 -0.108348 
0.311533 0.687846 -0.111027 0.368149 0.687792 -0.113756 
0.422547 0.682349 -0.116507 0.474891 0.671577 -0.119248 
0.525343 0.655535 -0.121950 0.574067 0.634283 -0.124583 
0.621223 0.607879 -0.127117 0.666976 0.576384 -0.129521 
0.711488 0.539857 -0.131766 0.754922 0.498358 -0.133822 
0.797439 0.451945 -0.135658 0.839203 0.400679 -0.137245 
0.880377 0.344618 -0.138552 0.921123 0.283822 -0.139550 
0.961603 0.218351 -0.140208 1.001981 0.148264 -0.140496 
-0.918428 0.001541 -0.029208 -0.809544 0.090245 -0.028180 
-0.705213 0.172653 -0.027593 -0.605279 0.248821 -0.027420 
-0.509585 0.318804 -0.027633 -0.417977 0.382659 -0.028205 
-0.330296 0.440441 -0.029107 -0.246388 0.492206 -0.030312 
-0.166097 0.538009 -0.031793 -0.089266 0.577906 -0.033521 
-0.015739 0.611953 -0.035468 0.054639 0.640206 -0.037608 
0.122025 0.662721 -0.039911 0.186575 0.679552 -0.042351 
0.248445 0.690756 -0.044900 0.307790 0.696389 -0.047530 
0.364768 0.696506 -0.050212 0.419534 0.691162 -0.052921 
0.472243 0.680415 -0.055626 0.523053 0.664319 -0.058302 
0.572120 0.642930 -0.060920 0.619598 0.616303 -0.063452 
0.665645 0.584496 -0.065871 0.710416 0.547562 -0.068149 
0.754067 0.505559 -0.070258 0.796755 0.458541 -0.072170 
0.838636 0.406565 -0.073858 0.879865 0.349686 -0.075294 
0.920599 0.287959 -0.076450 0.960993 0.221441 -0.077299 
1.001204 0.150188 -0.077812 -0.923323 0.001448 0.034242 
-0.814800 0.090758 0.035090 -0.710739 0.173764 0.035532 
-0.610990 0.250519 0.035592 -0.515404 0.321075 0.035296 
-0.423829 0.385484 0.034668 -0.336117 0.443799 0.033734 
-0.252117 0.496071 0.032519 -0.171679 0.542353 0.031048 
-0.094654 0.582698 0.029346 -0.020890 0.617157 0.027438 
0.049762 0.645782 0.025349 0.117452 0.668627 0.023103 
0.182330 0.685743 0.020727 0.244545 0.697182 0.018246 
0.304249 0.702997 0.015683 0.361591 0.703240 0.013064 
0.416722 0.697963 0.010415 0.469790 0.687219 0.007760 
0.520947 0.671060 0.005125 0.570341 0.649537 0.002534 
0.618124 0.622704 0.000013 0.664446 0.590612 -0.002414 
0.709455 0.553314 -0.004722 0.753303 0.510862 -0.006884 
0.796139 0.463308 -0.008877 0.838114 0.410705 -0.010676 
0.879377 0.353105 -0.012254 0.920079 0.290559 -0.013588 
0.960369 0.223121 -0.014651 1.000397 0.150843 -0.015420 
-0.928884 0.001307 0.097409 -0.820569 0.091038 0.098064 
-0.716641 0.174465 0.098352 -0.616955 0.251638 0.098295 
-0.521369 0.322606 0.097914 -0.429735 0.387417 0.097233 
-0.341910 0.446122 0.096272 -0.257749 0.498767 0.095054 
-0.177108 0.545404 0.093601 -0.099841 0.586080 0.091935 
-0.025803 0.620845 0.090078 0.045149 0.649747 0.088052 
0.113161 0.672836 0.085879 0.178378 0.690161 0.083581 
0.240943 0.701771 0.081180 0.301003 0.707714 0.078698 
0.358701 0.708040 0.076156 0.414183 0.702797 0.073578 
0.467592 0.692036 0.070985 0.519075 0.675803 0.068399 
0.568775 0.654150 0.065842 0.616837 0.627124 0.063336 
0.663407 0.594775 0.060903 0.708628 0.557152 0.058565 
0.752645 0.514303 0.056344 0.795604 0.466278 0.054263 
0.837649 0.413126 0.052342 0.878925 0.354896 0.050605 
0.919576 0.291636 0.049072 0.959747 0.223396 0.047767 
0.999583 0.150224 0.046711 -0.934973 0.001129 0.160382 
-0.826703 0.091096 0.160838 -0.722764 0.174769 0.160968 
-0.623016 0.252193 0.160793 -0.527319 0.323415 0.160330 
-0.435532 0.388479 0.159598 -0.347515 0.447432 0.158615 
-0.263128 0.500319 0.157401 -0.182230 0.547188 0.155975 
-0.104681 0.588083 0.154354 -0.030341 0.623050 0.152558 
0.040931 0.652136 0.150605 0.109275 0.675387 0.148514 
0.174832 0.692847 0.146304 0.237741 0.704564 0.143994 
0.298143 0.710583 0.141601 0.356179 0.710949 0.139146 
0.411989 0.705710 0.136646 0.465712 0.694910 0.134120 
0.517491 0.678596 0.131587 0.567464 0.656814 0.129066 
0.615772 0.629609 0.126576 0.662556 0.597027 0.124134 
0.707955 0.559115 0.121760 0.752111 0.515918 0.119473 
0.795164 0.467483 0.117291 0.837253 0.413854 0.115233 
0.878519 0.355078 0.113318 0.919104 0.291202 0.111563 
0.959146 0.222270 0.109989 0.998786 0.148328 0.108614 
-0.941454 0.000927 0.223249 -0.833057 0.090948 0.223506 
-0.728956 0.174692 0.223481 -0.629014 0.252201 0.223191 
-0.533094 0.323519 0.222649 -0.441059 0.388688 0.221872 
-0.352772 0.447752 0.220874 -0.268096 0.500752 0.219671 
-0.186894 0.547733 0.218278 -0.109029 0.588737 0.216710 
-0.034363 0.623806 0.214983 0.037239 0.652985 0.213110 
0.105916 0.676315 0.211109 0.171804 0.693840 0.208994 
0.235041 0.705603 0.206779 0.295763 0.711646 0.204482 
0.354108 0.712013 0.202115 0.410212 0.706746 0.199696 
0.464212 0.695888 0.197238 0.516246 0.679483 0.194758 
0.566451 0.657573 0.192270 0.614963 0.630201 0.189790 
0.661920 0.597410 0.187333 0.707459 0.559243 0.184913 
0.751717 0.515743 0.182547 0.794830 0.466953 0.180249 
0.836936 0.412915 0.178035 0.878172 0.353673 0.175920 
0.918676 0.289270 0.173919 0.958583 0.219748 0.172047 
0.998031 0.145151 0.170320 -0.948189 0.000713 0.286101 
-0.839483 0.090606 0.286165 -0.735062 0.174247 0.285992 
-0.634791 0.251678 0.285593 -0.538533 0.322938 0.284980 
-0.446155 0.388066 0.284165 -0.357522 0.447104 0.283159 
-0.272498 0.500091 0.281973 -0.190948 0.547067 0.280620 
-0.112738 0.588071 0.279111 -0.037732 0.623145 0.277457 
0.034204 0.652328 0.275670 0.103206 0.675659 0.273762 
0.169408 0.693180 0.271744 0.232946 0.704929 0.269628 
0.293955 0.710948 0.267425 0.352569 0.711275 0.265147 
0.408923 0.705951 0.262806 0.463153 0.695016 0.260412 
0.515394 0.678510 0.257979 0.565780 0.656473 0.255517 
0.614446 0.628945 0.253037 0.661528 0.595965 0.250552 
0.707161 0.557575 0.248073 0.751479 0.513813 0.245612 
0.794617 0.464720 0.243179 0.836711 0.410336 0.240788 
0.877895 0.350701 0.238449 0.918305 0.285854 0.236174 
0.958075 0.215837 0.233974 0.997341 0.140688 0.231861 
-0.955041 0.000501 0.349025 -0.845836 0.090083 0.348909 
-0.740930 0.173450 0.348599 -0.640188 0.250639 0.348103 
-0.543476 0.321688 0.347429 -0.450660 0.386633 0.346585 
-0.361605 0.445511 0.345578 -0.276176 0.498360 0.344417 
-0.194240 0.545216 0.343110 -0.115662 0.586117 0.341664 
-0.040308 0.621099 0.340087 0.031957 0.650200 0.338387 
0.101267 0.673456 0.336573 0.167756 0.690905 0.334651 
0.231559 0.702584 0.332630 0.292811 0.708530 0.330519 
0.351644 0.708780 0.328323 0.408195 0.703371 0.326053 
0.462598 0.692339 0.323715 0.514986 0.675723 0.321317 
0.565493 0.653559 0.318868 0.614256 0.625884 0.316375 
0.661407 0.592735 0.313846 0.707082 0.554150 0.311289 
0.751414 0.510164 0.308712 0.794538 0.460817 0.306122 
0.836588 0.406143 0.303529 0.877699 0.346181 0.300939 
0.918006 0.280968 0.298360 0.957641 0.210540 0.295801 
0.996741 0.134935 0.293270 -0.961874 0.000302 0.412112 
-0.851969 0.089393 0.411835 -0.746406 0.172315 0.411405 
-0.645048 0.249102 0.410826 -0.547762 0.319789 0.410104 
-0.454411 0.384409 0.409241 -0.364860 0.442996 0.408243 
-0.278974 0.495585 0.407113 -0.196618 0.542209 0.405856 
-0.117656 0.582903 0.404476 -0.041952 0.617701 0.402977 
0.030628 0.646637 0.401364 0.100220 0.669744 0.399640 
0.166960 0.687057 0.397810 0.230983 0.698610 0.395879 
0.292423 0.704437 0.393849 0.351417 0.704573 0.391727 
0.408100 0.699050 0.389515 0.462607 0.687904 0.387218 
0.515074 0.671167 0.384841 0.565635 0.648876 0.382387 
0.614427 0.621062 0.379861 0.661585 0.587761 0.377267 
0.707244 0.549007 0.374610 0.751539 0.504833 0.371893 
0.794606 0.455273 0.369120 0.836580 0.400363 0.366297 
0.877596 0.340135 0.363426 0.917791 0.274624 0.360514 
0.957299 0.203864 0.357562 0.996255 0.127888 0.354577 
-0.968551 0.000130 0.475451 -0.857735 0.088549 0.475037 
-0.751335 0.170856 0.474509 -0.649213 0.247082 0.473866 
-0.551230 0.317257 0.473111 -0.457248 0.381413 0.472242 
-0.367129 0.439580 0.471262 -0.280736 0.491790 0.470170 
-0.197930 0.538073 0.468968 -0.118572 0.578461 0.467655 
-0.042525 0.612984 0.466233 0.030349 0.641673 0.464702 
0.100190 0.664559 0.463063 0.167133 0.681674 0.461317 
0.231319 0.693048 0.459464 0.292885 0.698712 0.457504 
0.351969 0.698697 0.455439 0.408709 0.693035 0.453270 
0.463244 0.681755 0.450996 0.515711 0.664889 0.448618 
0.566249 0.642468 0.446138 0.614995 0.614523 0.443555 
0.662089 0.581085 0.440870 0.707668 0.542185 0.438085 
0.751870 0.497854 0.435199 0.794834 0.448122 0.432214 
0.836697 0.393021 0.429130 0.877598 0.332582 0.425947 
0.917674 0.266835 0.422667 0.957065 0.195812 0.419289 
0.995907 0.119543 0.415816 -0.974934 -0.000004 0.539130 
-0.862988 0.087565 0.538611 -0.755565 0.169089 0.538011 
-0.652523 0.244595 0.537328 -0.553719 0.314112 0.536557 
-0.459009 0.377667 0.535697 -0.368252 0.435287 0.534745 
-0.281305 0.487001 0.533698 -0.198023 0.532836 0.532554 
-0.118265 0.572820 0.531309 -0.041888 0.606980 0.529960 
0.031251 0.635344 0.528505 0.101296 0.657941 0.526942 
0.168388 0.674796 0.525267 0.232671 0.685940 0.523477 
0.294288 0.691398 0.521570 0.353381 0.691198 0.519544 
0.410094 0.685369 0.517394 0.464569 0.673939 0.515119 
0.516949 0.656933 0.512716 0.567377 0.634382 0.510181 
0.615995 0.606311 0.507513 0.662948 0.572749 0.504708 
0.708377 0.533724 0.501764 0.752425 0.489263 0.498678 
0.795235 0.439394 0.495446 0.836951 0.384144 0.492067 
0.877714 0.323542 0.488537 0.917669 0.257615 0.484854 
0.956957 0.186390 0.481015 0.995722 0.109896 0.477017 
-0.980886 -0.000086 0.603239 -0.867580 0.086454 0.602653 
-0.758942 0.167027 0.602013 -0.654821 0.241658 0.601314 
-0.555068 0.310371 0.600550 -0.459535 0.373190 0.599715 
-0.368069 0.430139 0.598803 -0.280523 0.481242 0.597808 
-0.196746 0.526525 0.596723 -0.116589 0.566010 0.595544 
-0.039902 0.599722 0.594263 0.033465 0.627685 0.592876 
0.103662 0.649925 0.591375 0.170837 0.666463 0.589755 
0.235142 0.677326 0.588010 0.296725 0.682537 0.586135 
0.355737 0.682120 0.584122 0.412327 0.676100 0.581966 
0.466645 0.664501 0.579662 0.518840 0.647346 0.577202 
0.569062 0.624661 0.574582 0.617462 0.596470 0.571795 
0.664188 0.562795 0.568835 0.709390 0.523663 0.565696 
0.753219 0.479097 0.562372 0.795823 0.429121 0.558857 
0.837353 0.373760 0.555146 0.877958 0.313037 0.551232 
0.917789 0.246977 0.547109 0.956993 0.175604 0.542771 
0.995723 0.098943 0.538213 -0.986272 -0.000104 0.667867 
-0.871366 0.085229 0.667257 -0.761312 0.164686 0.666614 
-0.655949 0.238287 0.665931 -0.555118 0.306052 0.665197 
-0.458662 0.368002 0.664405 -0.366421 0.424158 0.663545 
-0.278235 0.474539 0.662608 -0.193948 0.519167 0.661585 
-0.113398 0.558061 0.660468 -0.036428 0.591243 0.659248 
0.037121 0.618732 0.657915 0.107409 0.640549 0.656461 
0.174593 0.656715 0.654878 0.238834 0.667249 0.653155 
0.300289 0.672174 0.651284 0.359118 0.671508 0.649257 
0.415480 0.665272 0.647064 0.469533 0.653487 0.644696 
0.521437 0.636174 0.642145 0.571349 0.613352 0.639402 
0.619430 0.585042 0.636457 0.665838 0.551265 0.633303 
0.710731 0.512041 0.629929 0.754270 0.467391 0.626328 
0.796611 0.417335 0.622490 0.837916 0.361893 0.618406 
0.878341 0.301086 0.614067 0.918047 0.234934 0.609466 
0.957192 0.163458 0.604592 0.995934 0.086679 0.599436 
-0.990952 -0.000046 0.733103 -0.874199 0.083904 0.732519 
-0.762521 0.162080 0.731916 -0.655747 0.234497 0.731282 
-0.553707 0.301174 0.730605 -0.456231 0.362125 0.729875 
-0.363146 0.417367 0.729080 -0.274285 0.466916 0.728208 
-0.189474 0.510790 0.727249 -0.108545 0.549004 0.726189 
-0.031327 0.581574 0.725019 0.042351 0.608518 0.723727 
0.112660 0.629851 0.722301 0.179769 0.645590 0.720730 
0.243850 0.655751 0.719002 0.305072 0.660350 0.717106 
0.363607 0.659405 0.715030 0.419625 0.652930 0.712763 
0.473296 0.640943 0.710294 0.524791 0.623461 0.707612 
0.574281 0.600498 0.704704 0.621935 0.572073 0.701559 
0.667925 0.538201 0.698166 0.712421 0.498898 0.694514 
0.755593 0.454181 0.690590 0.797612 0.404066 0.686384 
0.838649 0.348570 0.681885 0.878874 0.287709 0.677080 
0.918457 0.221499 0.671958 0.957569 0.149957 0.666508 
0.996381 0.073100 0.660718 -0.994791 0.000101 0.799036 
-0.875933 0.082492 0.798534 -0.762417 0.159223 0.798017 
-0.654059 0.230306 0.797471 -0.550675 0.295753 0.796881 
-0.452079 0.355577 0.796235 -0.358087 0.409788 0.795519 
-0.268514 0.458399 0.794719 -0.183175 0.501422 0.793822 
-0.101885 0.538868 0.792815 -0.024460 0.570750 0.791683 
0.049285 0.597080 0.790413 0.119536 0.617868 0.788993 
0.186476 0.633129 0.787407 0.250292 0.642872 0.785642 
0.311166 0.647110 0.783686 0.369285 0.645856 0.781524 
0.424833 0.639120 0.779144 0.477995 0.626916 0.776530 
0.528955 0.609254 0.773670 0.577900 0.586146 0.770551 
0.625012 0.557606 0.767158 0.670477 0.523643 0.763479 
0.714480 0.484272 0.759499 0.757206 0.439502 0.755205 
0.798840 0.389347 0.750583 0.839565 0.333818 0.745621 
0.879568 0.272927 0.740304 0.919033 0.206686 0.734619 
0.958144 0.135107 0.728552 0.997087 0.058202 0.722090 
-0.997652 0.000349 0.865755 -0.876420 0.081006 0.865399 
-0.760845 0.156130 0.865020 -0.650726 0.225729 0.864602 
-0.545861 0.289810 0.864132 -0.446047 0.348379 0.863593 
-0.351083 0.401444 0.862971 -0.260767 0.449012 0.862250 
-0.174897 0.491090 0.861415 -0.093272 0.527684 0.860452 
-0.015688 0.558802 0.859344 0.058055 0.584452 0.858077 
0.128160 0.604639 0.856635 0.194829 0.619371 0.855004 
0.258263 0.628654 0.853169 0.318664 0.632497 0.851113 
0.376235 0.630906 0.848822 0.431177 0.623888 0.846281 
0.483692 0.611449 0.843475 0.533982 0.593598 0.840388 
0.582249 0.570340 0.837006 0.628695 0.541684 0.833313 
0.673522 0.507636 0.829293 0.716932 0.468203 0.824933 
0.759126 0.423391 0.820216 0.800307 0.373209 0.815128 
0.840676 0.317663 0.809653 0.880435 0.256761 0.803777 
0.919787 0.190508 0.797483 0.958933 0.118912 0.790758 
0.998076 0.041981 0.783585 -0.999397 0.000712 0.933350 
-0.875514 0.079460 0.933208 -0.757652 0.152816 0.933023 
-0.645589 0.220782 0.932781 -0.539103 0.283360 0.932465 
-0.437972 0.340551 0.932058 -0.341974 0.392357 0.931546 
-0.250887 0.438780 0.930910 -0.164489 0.479821 0.930136 
-0.082558 0.515482 0.929207 -0.004872 0.545764 0.928107 
0.068792 0.570669 0.926820 0.138654 0.590199 0.925329 
0.204938 0.604355 0.923618 0.267866 0.613140 0.921671 
0.327658 0.616554 0.919473 0.384538 0.614599 0.917006 
0.438728 0.607277 0.914254 0.490449 0.594590 0.911202 
0.539923 0.576539 0.907834 0.587373 0.553126 0.904132 
0.633020 0.524352 0.900081 0.677087 0.490219 0.895664 
0.719796 0.450729 0.890866 0.761368 0.405884 0.885670 
0.802026 0.355684 0.880060 0.841992 0.300132 0.874020 
0.881487 0.239229 0.867534 0.920734 0.172977 0.860585 
0.959955 0.101378 0.853157 0.999372 0.024433 0.845234 
-0.999890 0.001201 1.001910 -0.873069 0.077867 1.002056 
-0.752684 0.149295 1.002128 -0.638490 0.215482 1.002111 
-0.530242 0.276423 1.001987 -0.427694 0.332114 1.001740 
-0.330602 0.382551 1.001353 -0.238718 0.427728 1.000810 
-0.151799 0.467643 1.000095 -0.069599 0.502291 0.999189 
0.008127 0.531667 0.998078 0.081625 0.555767 0.996745 
0.151141 0.574587 0.995172 0.216918 0.588123 0.993343 
0.279203 0.596369 0.991242 0.338241 0.599323 0.988853 
0.394278 0.596980 0.986158 0.447558 0.589335 0.983140 
0.498327 0.576384 0.979785 0.546831 0.558123 0.976074 
0.593314 0.534547 0.971991 0.638022 0.505653 0.967520 
0.681201 0.471436 0.962644 0.723095 0.431891 0.957347 
0.763950 0.387015 0.951611 0.804012 0.336803 0.945421 
0.843525 0.281251 0.938759 0.882735 0.220354 0.931610 
0.921887 0.154108 0.923957 0.961227 0.082510 0.915782 
1.001000 0.005554 0.907070 
LINES 32 1024
31 0 1 2 3 4 5 6 7 8 9 10 11 12 13 14 15 16 17 18 19 20 21 22 23 24 25 26 27 28 29 30 
31 62 63 64 65 66 67 68 69 70 71 72 73 74 75 76 77 78 79 80 81 82 83 84 85 86 87 88 89 90 91 92 
31 124 125 126 127 128 129 130 131 132 133 134 135 136 137 138 139 140 141 142 143 144 145 146 147 148 149 150 151 152 153 154 
31 186 187 188 189 190 191 192 193 194 195 196 197 198 199 200 201 202 203 204 205 206 207 208 209 210 211 212 213 214 215 216 
31 248 249 250 251 252 253 254 255 256 257 258 259 260 261 262 263 264 265 266 267 268 269 270 271 272 273 274 275 276 277 278 
31 310 311 312 313 314 315 316 317 318 319 320 321 322 323 324 325 326 327 328 329 330 331 332 333 334 335 336 337 338 339 340 
31 372 373 374 375 376 377 378 379 380 381 382 383 384 385 386 387 388 389 390 391 392 393 394 395 396 397 398 399 400 401 402 
31 434 435 436 437 438 439 440 441 442 443 444 445 446 447 448 449 450 451 452 453 454 455 456 457 458 459 460 461 462 463 464 
31 496 497 498 499 500 501 502 503 504 505 506 507 508 509 510 511 512 513 514 515 516 517 518 519 520 521 522 523 524 525 526 
31 558 559 560 561 562 563 564 565 566 567 568 569 570 571 572 573 574 575 576 577 578 579 580 581 582 583 584 585 586 587 588 
31 620 621 622 623 624 625 626 627 628 629 630 631 632 633 634 635 636 637 638 639 640 641 642 643 644 645 646 647 648 649 650 
31 682 683 684 685 686 687 688 689 690 691 692 693 694 695 696 697 698 699 700 701 702 703 704 705 706 707 708 709 710 711 712 
31 744 745 746 747 748 749 750 751 752 753 754 755 756 757 758 759 760 761 762 763 764 765 766 767 768 769 770 771 772 773 774 
31 806 807 808 809 810 811 812 813 814 815 816 817 818 819 820 821 822 823 824 825 826 827 828 829 830 831 832 833 834 835 836 
31 868 869 870 871 872 873 874 875 876 877 878 879 880 881 882 883 884 885 886 887 888 889 890 891 892 893 894 895 896 897 898 
31 930 931 932 933 934 935 936 937 938 939 940 941 942 943 944 945 946 947 948 949 950 951 952 953 954 955 956 957 958 959 960 
31 0 31 62 93 124 155 186 217 248 279 310 341 372 403 434 465 496 527 558 589 620 651 682 713 744 775 806 837 868 899 930 
31 2 33 64 95 126 157 188 219 250 281 312 343 374 405 436 467 498 529 560 591 622 653 684 715 746 777 808 839 870 901 932 
31 4 35 66 97 128 159 190 221 252 283 314 345 376 407 438 469 500 531 562 593 624 655 686 717 748 779 810 841 872 903 934 
31 6 37 68 99 130 161 192 223 254 285 316 347 378 409 440 471 502 533 564 595 626 657 688 719 750 781 812 843 874 905 936 
31 8 39 70 101 132 163 194 225 256 287 318 349 380 411 442 473 504 535 566 597 628 659 690 721 752 783 814 845 876 907 938 
31 10 41 72 103 134 165 196 227 258 289 320 351 382 413 444 475 506 537 568 599 630 661 692 723 754 785 816 847 878 909 940 
31 12 43 74 105 136 167 198 229 260 291 322 353 384 415 446 477 508 539 570 601 632 663 694 725 756 787 818 849 880 911 942 
31 14 45 76 107 138 169 200 231 262 293 324 355 386 417 448 479 510 541 572 603 634 665 696 727 758 789 820 851 882 913 944 
31 16 47 78 109 140 171 202 233 264 295 326 357 388 419 450 481 512 543 574 605 636 667 698 729 760 791 822 853 884 915 946 
31 18 49 80 111 142 173 204 235 266 297 328 359 390 421 452 483 514 545 576 607 638 669 700 731 762 793 824 855 886 917 948 
31 20 51 82 113 144 175 206 237 268 299 330 361 392 423 454 485 516 547 578 609 640 671 702 733 764 795 826 857 888 919 950 
31 22 53 84 115 146 177 208 239 270 301 332 363 394 425 456 487 518 549 580 611 642 673 704 735 766 797 828 859 890 921 952 
31 24 55 86 117 148 179 210 241 272 303 334 365 396 427 458 489 520 551 582 613 644 675 706 737 768 799 830 861 892 923 954 
31 26 57 88 119 150 181 212 243 274 305 336 367 398 429 460 491 522 553 584 615 646 677 708 739 770 801 832 863 894 925 956 
31 28 59 90 121 152 183 214 245 276 307 338 369 400 431 462 493 524 555 586 617 648 679 710 741 772 803 834 865 896 927 958 
31 30 61 92 123 154 185 216 247 278 309 340 371 402 433 464 495 526 557 588 619 650 681 712 743 774 805 836 867 898 929 960 

