# vtk DataFile Version 1.0
vtk output
ASCII
DATASET POLYDATA
POINTS 1600 float
-0.907473 0.011862 -0.907273 -0.828526 0.052763 -0.925839 
-0.750595 0.091012 -0.940459 -0.673802 0.126651 -0.951699 
-0.598269 0.159723 -0.960127 -0.524115 0.190272 -0.966310 
-0.451462 0.218339 -0.970810 -0.380437 0.243953 -0.974028 
-0.311170 0.267124 -0.976169 -0.243796 0.287862 -0.977424 
-0.178445 0.306177 -0.977986 -0.115251 0.322078 -0.978049 
-0.054330 0.335580 -0.977794 0.004289 0.346738 -0.977349 
0.060616 0.355616 -0.976813 0.114659 0.362281 -0.976292 
0.166425 0.366801 -0.975886 0.215923 0.369240 -0.975698 
0.263226 0.369656 -0.975775 0.308519 0.368085 -0.976067 
0.351999 0.364561 -0.976515 0.393862 0.359120 -0.977059 
0.434306 0.351796 -0.977640 0.473510 0.342627 -0.978198 
0.511503 0.331679 -0.978678 0.548226 0.319031 -0.979027 
0.583617 0.304765 -0.979190 0.617618 0.288963 -0.979115 
0.650166 0.271703 -0.978749 0.681233 0.253076 -0.978012 
0.710865 0.233187 -0.976761 0.739122 0.212145 -0.974842 
0.766064 0.190060 -0.972102 0.791752 0.167041 -0.968385 
0.816257 0.143186 -0.963559 0.839884 0.118391 -0.957827 
0.863122 0.092385 -0.951675 0.886469 0.064894 -0.945597 
0.910422 0.035641 -0.940085 0.935479 0.004352 -0.935634 
-0.925021 0.024549 -0.873801 -0.847859 0.067951 -0.894345 
-0.769431 0.108325 -0.909212 -0.690527 0.145813 -0.919443 
-0.611934 0.180555 -0.926082 -0.534441 0.212693 -0.930171 
-0.458828 0.242364 -0.932741 -0.385533 0.269622 -0.934440 
-0.314590 0.294417 -0.935456 -0.246005 0.316693 -0.935948 
-0.179787 0.336394 -0.936074 -0.115943 0.353465 -0.935995 
-0.054478 0.367868 -0.935853 0.004627 0.379683 -0.935691 
0.061396 0.389034 -0.935517 0.115857 0.396044 -0.935334 
0.168035 0.400838 -0.935149 0.217958 0.403539 -0.934966 
0.265704 0.404237 -0.934797 0.311440 0.402963 -0.934663 
0.355345 0.399743 -0.934584 0.397597 0.394601 -0.934584 
0.438372 0.387562 -0.934684 0.477839 0.378652 -0.934900 
0.516057 0.367899 -0.935202 0.553027 0.355329 -0.935531 
0.588749 0.340973 -0.935829 0.623221 0.324859 -0.936037 
0.656444 0.307014 -0.936097 0.688440 0.287496 -0.935938 
0.719290 0.266435 -0.935459 0.749084 0.243972 -0.934553 
0.777915 0.220250 -0.933115 0.805872 0.195412 -0.931038 
0.833039 0.169583 -0.928216 0.859380 0.142635 -0.924542 
0.884761 0.114228 -0.919911 0.909042 0.084016 -0.914217 
0.932086 0.051650 -0.907354 0.953754 0.016785 -0.899215 
-0.938706 0.036480 -0.836347 -0.861836 0.082103 -0.856771 
-0.782489 0.124336 -0.870837 -0.701833 0.163409 -0.879806 
-0.621035 0.199558 -0.884940 -0.541261 0.233013 -0.887501 
-0.463662 0.264004 -0.888736 -0.388852 0.292616 -0.889402 
-0.316793 0.318761 -0.889665 -0.247412 0.342341 -0.889655 
-0.180634 0.363257 -0.889501 -0.116383 0.381413 -0.889335 
-0.054589 0.396734 -0.889267 0.004798 0.409311 -0.889290 
0.061817 0.419290 -0.889350 0.116508 0.426821 -0.889393 
0.168913 0.432053 -0.889368 0.219071 0.435134 -0.889220 
0.267065 0.436169 -0.888938 0.313052 0.435188 -0.888581 
0.357194 0.432213 -0.888218 0.399654 0.427264 -0.887915 
0.440597 0.420364 -0.887739 0.480177 0.411534 -0.887750 
0.518479 0.400779 -0.887933 0.555544 0.388101 -0.888229 
0.591414 0.373500 -0.888580 0.626131 0.356974 -0.888927 
0.659736 0.338524 -0.889212 0.692290 0.318190 -0.889375 
0.723900 0.296112 -0.889347 0.754683 0.272450 -0.889064 
0.784756 0.247360 -0.888456 0.814234 0.221002 -0.887457 
0.843213 0.193516 -0.885989 0.871454 0.164757 -0.883773 
0.898435 0.134344 -0.880369 0.923629 0.101884 -0.875331 
0.946507 0.066990 -0.868213 0.966540 0.029271 -0.858568 
-0.949166 0.047720 -0.795587 -0.871516 0.095320 -0.814384 
-0.790993 0.139189 -0.826925 -0.708922 0.179641 -0.834498 
-0.626625 0.216992 -0.838391 -0.545426 0.251556 -0.839894 
-0.466630 0.283644 -0.840278 -0.390913 0.313375 -0.840303 
-0.318197 0.340643 -0.840113 -0.248356 0.365325 -0.839810 
-0.181266 0.387302 -0.839502 -0.116803 0.406451 -0.839293 
-0.054849 0.422681 -0.839268 0.004663 0.436073 -0.839392 
0.061786 0.446779 -0.839584 0.116570 0.454946 -0.839762 
0.169065 0.460726 -0.839844 0.219322 0.464267 -0.839749 
0.267428 0.465675 -0.839453 0.313529 0.464980 -0.839031 
0.357776 0.462206 -0.838567 0.400323 0.457373 -0.838147 
0.441321 0.450506 -0.837855 0.480918 0.441623 -0.837768 
0.519211 0.430726 -0.837879 0.556271 0.417804 -0.838135 
0.592166 0.402847 -0.838479 0.626965 0.385844 -0.838858 
0.660739 0.366785 -0.839218 0.693573 0.345701 -0.839508 
0.725597 0.322736 -0.839690 0.756946 0.298053 -0.839727 
0.787758 0.271813 -0.839585 0.818170 0.244178 -0.839227 
0.848290 0.215292 -0.838599 0.877777 0.185000 -0.837359 
0.905914 0.152899 -0.834925 0.931971 0.118578 -0.830706 
0.955221 0.081627 -0.824113 0.974936 0.041635 -0.814556 
-0.957042 0.058337 -0.752198 -0.877958 0.107701 -0.768448 
-0.796166 0.153030 -0.779063 -0.712992 0.194708 -0.785228 
-0.629759 0.233119 -0.788127 -0.547792 0.268647 -0.788944 
-0.468397 0.301669 -0.788849 -0.392240 0.332341 -0.788534 
-0.319216 0.360550 -0.788117 -0.249174 0.386167 -0.787681 
-0.181964 0.409064 -0.787311 -0.117435 0.429111 -0.787091 
-0.055446 0.446208 -0.787084 0.004084 0.460424 -0.787247 
0.061213 0.471895 -0.787492 0.115999 0.480754 -0.787732 
0.168500 0.487137 -0.787878 0.218775 0.491179 -0.787843 
0.266911 0.492976 -0.787599 0.313046 0.492560 -0.787218 
0.357325 0.489956 -0.786783 0.399890 0.485191 -0.786377 
0.440886 0.478288 -0.786082 0.480453 0.469271 -0.785974 
0.518696 0.458143 -0.786049 0.555701 0.444894 -0.786261 
0.591554 0.429518 -0.786561 0.626342 0.412004 -0.786901 
0.660151 0.392344 -0.787235 0.693082 0.370570 -0.787523 
0.725281 0.346823 -0.787748 0.756901 0.321258 -0.787900 
0.788094 0.294034 -0.787965 0.819012 0.265308 -0.787932 
0.849779 0.235218 -0.787770 0.880023 0.203606 -0.787143 
0.908964 0.170064 -0.785456 0.935809 0.134175 -0.782110 
0.959767 0.095526 -0.776505 0.980043 0.053701 -0.768039 
-0.962972 0.068398 -0.706857 -0.882222 0.119345 -0.720229 
-0.799233 0.166004 -0.728842 -0.715243 0.208811 -0.733708 
-0.631490 0.248200 -0.735839 -0.549212 0.284609 -0.736248 
-0.469629 0.318465 -0.735933 -0.393353 0.349955 -0.735483 
-0.320265 0.378971 -0.734995 -0.250204 0.405387 -0.734533 
-0.183006 0.429079 -0.734163 -0.118510 0.449923 -0.733951 
-0.056564 0.467817 -0.733945 0.002920 0.482816 -0.734104 
0.060005 0.495032 -0.734348 0.114752 0.504579 -0.734596 
0.167226 0.511567 -0.734771 0.217489 0.516111 -0.734792 
0.265629 0.518293 -0.734632 0.311778 0.518147 -0.734350 
0.356071 0.515699 -0.734016 0.398644 0.510979 -0.733699 
0.439634 0.504013 -0.733468 0.479175 0.494829 -0.733386 
0.517374 0.483434 -0.733450 0.554328 0.469829 -0.733621 
0.590131 0.454014 -0.733860 0.624879 0.435989 -0.734128 
0.658667 0.415752 -0.734386 0.691606 0.393340 -0.734605 
0.723855 0.368887 -0.734786 0.755576 0.342540 -0.734934 
0.786934 0.314447 -0.735056 0.818093 0.284757 -0.735157 
0.849188 0.253601 -0.735224 0.879863 0.220818 -0.734963 
0.909353 0.186006 -0.733838 0.936884 0.148754 -0.731310 
0.961678 0.108654 -0.726838 0.982959 0.065294 -0.719882 
-0.967589 0.077967 -0.660232 -0.885354 0.130350 -0.670976 
-0.801402 0.178254 -0.677829 -0.716860 0.222145 -0.681624 
-0.632860 0.262492 -0.683195 -0.550529 0.299760 -0.683375 
-0.470981 0.334411 -0.682990 -0.394765 0.366650 -0.682522 
-0.321753 0.396384 -0.682046 -0.251777 0.423497 -0.681613 
-0.184668 0.447877 -0.681273 -0.120257 0.469410 -0.681077 
-0.058386 0.488002 -0.681062 0.001036 0.503696 -0.681192 
0.058073 0.516581 -0.681403 0.112791 0.526750 -0.681629 
0.165254 0.534293 -0.681805 0.215529 0.539302 -0.681867 
0.263702 0.541847 -0.681789 0.309897 0.541959 -0.681617 
0.354244 0.539666 -0.681402 0.396869 0.534998 -0.681195 
0.437903 0.527981 -0.681049 0.477471 0.518643 -0.681009 
0.515683 0.507000 -0.681074 0.552640 0.493060 -0.681213 
0.588441 0.476833 -0.681397 0.623186 0.458327 -0.681595 
0.656976 0.437551 -0.681776 0.689927 0.414547 -0.681922 
0.722206 0.389439 -0.682047 0.753983 0.362368 -0.682166 
0.785433 0.333471 -0.682299 0.816726 0.302889 -0.682462 
0.848007 0.270744 -0.682658 0.878948 0.236876 -0.682633 
0.908828 0.200892 -0.681921 0.936913 0.162392 -0.680049 
0.962472 0.120975 -0.676544 0.984772 0.076242 -0.670935 
-0.971276 0.087062 -0.612771 -0.887959 0.140748 -0.621425 
-0.803355 0.189830 -0.626906 -0.718500 0.234785 -0.629900 
-0.634430 0.276092 -0.631088 -0.552183 0.314227 -0.631154 
-0.472779 0.349661 -0.630773 -0.396714 0.382615 -0.630341 
-0.323851 0.413007 -0.629916 -0.254016 0.440740 -0.629535 
-0.187033 0.465716 -0.629236 -0.122729 0.487837 -0.629059 
-0.060940 0.507023 -0.629030 -0.001573 0.523305 -0.629123 
0.055438 0.536759 -0.629288 0.110157 0.547460 -0.629476 
0.162651 0.555483 -0.629636 0.212985 0.560903 -0.629720 
0.261243 0.563779 -0.629707 0.307544 0.564137 -0.629628 
0.352007 0.562006 -0.629517 0.394752 0.557409 -0.629409 
0.435901 0.550372 -0.629341 0.475572 0.540921 -0.629343 
0.513874 0.529075 -0.629413 0.550910 0.514849 -0.629530 
0.586783 0.498260 -0.629674 0.621595 0.479323 -0.629821 
0.655448 0.458055 -0.629950 0.688464 0.434499 -0.630053 
0.720813 0.408776 -0.630147 0.752672 0.381018 -0.630259 
0.784218 0.351356 -0.630412 0.815628 0.319921 -0.630632 
0.847054 0.286830 -0.630928 0.878191 0.251926 -0.631076 
0.908358 0.214825 -0.630653 0.936863 0.175138 -0.629233 
0.963013 0.132474 -0.626387 0.986116 0.086445 -0.621689 
-0.974121 0.095642 -0.564652 -0.890110 0.150492 -0.571685 
-0.805144 0.200672 -0.576127 -0.720183 0.246653 -0.578538 
-0.636192 0.288906 -0.579479 -0.554132 0.327902 -0.579509 
-0.474952 0.364104 -0.579182 -0.399104 0.397738 -0.578818 
-0.326443 0.428741 -0.578464 -0.256788 0.457032 -0.578148 
-0.189960 0.482532 -0.577898 -0.125777 0.505161 -0.577743 
-0.064072 0.524854 -0.577704 -0.004751 0.541638 -0.577762 
0.052249 0.555577 -0.577881 0.106995 0.566735 -0.578028 
0.159550 0.575174 -0.578166 0.209980 0.580958 -0.578262 
0.258365 0.584136 -0.578298 0.304816 0.584731 -0.578293 
0.349443 0.582764 -0.578268 0.392361 0.578256 -0.578243 
0.433682 0.571228 -0.578240 0.473517 0.561700 -0.578277 
0.511973 0.549694 -0.578353 0.549154 0.535230 -0.578455 
0.585162 0.518329 -0.578569 0.620101 0.499011 -0.578682 
0.654074 0.477298 -0.578781 0.687204 0.453236 -0.578863 
0.719661 0.426939 -0.578949 0.751627 0.398533 -0.579068 
0.783279 0.368144 -0.579247 0.814799 0.335897 -0.579513 
0.846339 0.301901 -0.579881 0.877617 0.266004 -0.580141 
0.907987 0.227833 -0.579901 0.936793 0.187009 -0.578763 
0.963379 0.143156 -0.576329 0.987087 0.095892 -0.572201 
-0.976195 0.103663 -0.516040 -0.891850 0.159532 -0.521831 
-0.806781 0.210715 -0.525494 -0.721895 0.257663 -0.527489 
-0.638101 0.300829 -0.528276 -0.556307 0.340662 -0.528315 
-0.477407 0.377610 -0.528062 -0.401820 0.411893 -0.527781 
-0.329396 0.443466 -0.527506 -0.259947 0.472269 -0.527258 
-0.193289 0.498241 -0.527061 -0.129237 0.521319 -0.526933 
-0.067617 0.541455 -0.526893 -0.008337 0.558675 -0.526929 
0.048666 0.573035 -0.527016 0.103455 0.584589 -0.527132 
0.156093 0.593394 -0.527253 0.206642 0.599504 -0.527356 
0.255179 0.602961 -0.527429 0.301807 0.603783 -0.527481 
0.346631 0.601983 -0.527521 0.389757 0.597577 -0.527558 
0.431290 0.590581 -0.527604 0.471334 0.581009 -0.527666 
0.509994 0.568882 -0.527745 0.547370 0.554224 -0.527834 
0.583565 0.537059 -0.527927 0.618682 0.517410 -0.528017 
0.652821 0.495300 -0.528100 0.686106 0.470778 -0.528176 
0.718705 0.443953 -0.528268 0.750800 0.414943 -0.528402 
0.782570 0.383869 -0.528604 0.814193 0.350849 -0.528899 
0.845824 0.315988 -0.529300 0.877198 0.279138 -0.529613 
0.907701 0.239937 -0.529464 0.936709 0.198022 -0.528480 
0.963599 0.153024 -0.526284 0.987745 0.104580 -0.522501 
-0.977566 0.111078 -0.467096 -0.893219 0.167816 -0.471939 
-0.808279 0.219892 -0.475012 -0.723620 0.267730 -0.476700 
-0.640114 0.311755 -0.477383 -0.558638 0.352389 -0.477445 
-0.480049 0.390049 -0.477263 -0.404748 0.424951 -0.477056 
-0.332577 0.457066 -0.476853 -0.263346 0.486349 -0.476670 
-0.196866 0.512757 -0.476524 -0.132946 0.536247 -0.476433 
-0.071410 0.556784 -0.476409 -0.012166 0.574395 -0.476445 
0.044847 0.589131 -0.476525 0.099688 0.601040 -0.476632 
0.152417 0.610174 -0.476752 0.203095 0.616581 -0.476868 
0.251795 0.620298 -0.476970 0.298613 0.621335 -0.477060 
0.343649 0.619703 -0.477142 0.387001 0.615409 -0.477218 
0.428770 0.608463 -0.477291 0.469052 0.598875 -0.477365 
0.507949 0.586663 -0.477439 0.545559 0.571853 -0.477513 
0.581980 0.554469 -0.477588 0.617314 0.534537 -0.477663 
0.651657 0.512081 -0.477738 0.685130 0.487149 -0.477817 
0.717900 0.459843 -0.477920 0.750145 0.430276 -0.478068 
0.782041 0.398561 -0.478280 0.813765 0.364811 -0.478579 
0.845470 0.329124 -0.478973 0.876905 0.291356 -0.479277 
0.907486 0.251162 -0.479145 0.936617 0.208189 -0.478226 
0.963704 0.162087 -0.476168 0.988152 0.112503 -0.472620 
-0.978305 0.117845 -0.417984 -0.894261 0.175293 -0.422082 
-0.809652 0.228137 -0.424686 -0.725341 0.276769 -0.426120 
-0.642187 0.321579 -0.426708 -0.561053 0.362959 -0.426772 
-0.482784 0.401293 -0.426632 -0.407771 0.436786 -0.426473 
-0.335855 0.469421 -0.426320 -0.266840 0.499168 -0.426188 
-0.200533 0.525998 -0.426092 -0.136741 0.549883 -0.426045 
-0.075285 0.570801 -0.426061 -0.016074 0.588779 -0.426131 
0.040950 0.603864 -0.426241 0.095843 0.616102 -0.426376 
0.148663 0.625541 -0.426521 0.199467 0.632225 -0.426661 
0.248325 0.636186 -0.426788 0.295330 0.637432 -0.426900 
0.340575 0.635965 -0.426999 0.384155 0.631789 -0.427085 
0.426165 0.624908 -0.427161 0.466699 0.615326 -0.427226 
0.505853 0.603060 -0.427285 0.543719 0.588136 -0.427340 
0.580395 0.570578 -0.427396 0.615973 0.550411 -0.427457 
0.650549 0.527660 -0.427526 0.684237 0.502369 -0.427611 
0.717201 0.474635 -0.427722 0.749614 0.444561 -0.427873 
0.781647 0.412254 -0.428076 0.813472 0.377816 -0.428345 
0.845239 0.341341 -0.428682 0.876711 0.302688 -0.428919 
0.907328 0.261528 -0.428743 0.936523 0.217527 -0.427840 
0.963726 0.170348 -0.425893 0.988369 0.119656 -0.422588 
-0.978490 0.123919 -0.368849 -0.895019 0.181919 -0.372325 
-0.810913 0.235396 -0.374516 -0.727043 0.284709 -0.375703 
-0.644277 0.330215 -0.376166 -0.563486 0.372273 -0.376184 
-0.485524 0.411235 -0.376036 -0.410785 0.447290 -0.375883 
-0.339106 0.480431 -0.375748 -0.270292 0.510638 -0.375646 
-0.204147 0.537893 -0.375592 -0.140474 0.562174 -0.375601 
-0.079092 0.583471 -0.375685 -0.019913 0.601811 -0.375831 
0.037119 0.617237 -0.376018 0.092058 0.629794 -0.376224 
0.144958 0.639525 -0.376430 0.195874 0.646474 -0.376613 
0.244874 0.650671 -0.376761 0.292046 0.652116 -0.376878 
0.337483 0.650811 -0.376967 0.381277 0.646755 -0.377034 
0.423520 0.639947 -0.377084 0.464304 0.630389 -0.377121 
0.503719 0.618097 -0.377150 0.541854 0.603094 -0.377178 
0.578798 0.585402 -0.377211 0.614639 0.565047 -0.377256 
0.649467 0.542051 -0.377318 0.683389 0.516455 -0.377402 
0.716564 0.488346 -0.377512 0.749158 0.457819 -0.377650 
0.781337 0.424969 -0.377818 0.813267 0.389889 -0.378018 
0.845092 0.352662 -0.378245 0.876586 0.313155 -0.378356 
0.907213 0.271055 -0.378092 0.936429 0.226046 -0.377193 
0.963691 0.177812 -0.375397 0.988455 0.126034 -0.372443 
-0.978255 0.129267 -0.319736 -0.895556 0.187693 -0.322673 
-0.812076 0.241689 -0.324486 -0.728709 0.291581 -0.325423 
-0.646351 0.337695 -0.325734 -0.565895 0.380359 -0.325667 
-0.488221 0.419896 -0.325469 -0.413737 0.456481 -0.325285 
-0.342278 0.490110 -0.325139 -0.273648 0.520770 -0.325048 
-0.207649 0.548447 -0.325030 -0.144084 0.573128 -0.325101 
-0.082771 0.594804 -0.325272 -0.023621 0.613504 -0.325525 
0.033417 0.629269 -0.325823 0.088394 0.642140 -0.326135 
0.141363 0.652159 -0.326426 0.192375 0.659367 -0.326664 
0.241496 0.663791 -0.326830 0.288814 0.665430 -0.326935 
0.334422 0.664281 -0.326992 0.378411 0.660344 -0.327015 
0.420872 0.653615 -0.327015 0.461897 0.644093 -0.327007 
0.501571 0.631792 -0.326999 0.539975 0.616734 -0.326996 
0.577192 0.598941 -0.327006 0.613303 0.578433 -0.327035 
0.648391 0.555234 -0.327088 0.682555 0.529380 -0.327169 
0.715949 0.500947 -0.327270 0.748730 0.470018 -0.327380 
0.781060 0.436675 -0.327491 0.813096 0.401000 -0.327591 
0.844978 0.363064 -0.327667 0.876488 0.322739 -0.327609 
0.907113 0.279732 -0.327229 0.936330 0.233743 -0.326337 
0.963616 0.184476 -0.324744 0.988451 0.131632 -0.322261 
-0.977755 0.133855 -0.270650 -0.895940 0.192634 -0.273109 
-0.813154 0.247066 -0.274573 -0.730323 0.297452 -0.275267 
-0.648378 0.344095 -0.275415 -0.568247 0.387296 -0.275243 
-0.490845 0.427351 -0.274972 -0.416598 0.464424 -0.274735 
-0.345342 0.498513 -0.274560 -0.276881 0.529608 -0.274467 
-0.211015 0.557698 -0.274476 -0.147546 0.582773 -0.274608 
-0.086293 0.604826 -0.274875 -0.027170 0.623886 -0.275246 
0.029872 0.639988 -0.275672 0.084883 0.653173 -0.276102 
0.137911 0.663478 -0.276489 0.189005 0.670942 -0.276782 
0.238229 0.675587 -0.276958 0.285674 0.677415 -0.277037 
0.331432 0.676419 -0.277044 0.375595 0.672598 -0.277004 
0.418258 0.665948 -0.276942 0.459510 0.656465 -0.276881 
0.499433 0.644163 -0.276834 0.538101 0.629063 -0.276804 
0.575586 0.611185 -0.276796 0.611964 0.590550 -0.276814 
0.647307 0.567180 -0.276863 0.681709 0.541105 -0.276941 
0.715316 0.512391 -0.277028 0.748281 0.481106 -0.277102 
0.780758 0.447320 -0.277142 0.812901 0.411100 -0.277124 
0.844843 0.372504 -0.277025 0.876374 0.331409 -0.276774 
0.906998 0.287537 -0.276266 0.936212 0.240606 -0.275395 
0.963511 0.190335 -0.274052 0.988392 0.136444 -0.272130 
-0.977143 0.137653 -0.221594 -0.896242 0.196756 -0.223613 
-0.814161 0.251574 -0.224753 -0.731867 0.302392 -0.225218 
-0.650327 0.349492 -0.225210 -0.570509 0.393160 -0.224932 
-0.493364 0.433673 -0.224584 -0.419338 0.471186 -0.224289 
-0.348270 0.505697 -0.224078 -0.279962 0.537199 -0.223974 
-0.214216 0.565683 -0.224002 -0.150835 0.591139 -0.224187 
-0.089635 0.613564 -0.224544 -0.030534 0.632980 -0.225030 
0.026515 0.649421 -0.225577 0.081556 0.662922 -0.226121 
0.134636 0.673515 -0.226595 0.185801 0.681234 -0.226934 
0.235113 0.686101 -0.227107 0.282665 0.688113 -0.227147 
0.328552 0.687266 -0.227091 0.372869 0.683557 -0.226979 
0.415712 0.676979 -0.226849 0.457174 0.667532 -0.226738 
0.497331 0.655227 -0.226658 0.536247 0.640086 -0.226610 
0.573987 0.622129 -0.226595 0.610617 0.601379 -0.226614 
0.646200 0.577856 -0.226667 0.680823 0.551589 -0.226746 
0.714627 0.522630 -0.226820 0.747762 0.491032 -0.226856 
0.780378 0.456850 -0.226820 0.812625 0.420138 -0.226677 
0.844633 0.380940 -0.226396 0.876198 0.339132 -0.225949 
0.906838 0.294449 -0.225319 0.936064 0.246623 -0.224487 
0.963385 0.195384 -0.223435 0.988312 0.140463 -0.222144 
-0.976575 0.140629 -0.172574 -0.896528 0.200076 -0.174167 
-0.815111 0.255263 -0.175004 -0.733324 0.306467 -0.175263 
-0.652169 0.353964 -0.175121 -0.572648 0.398029 -0.174757 
-0.495745 0.438935 -0.174347 -0.421927 0.476831 -0.174003 
-0.351033 0.511718 -0.173757 -0.282866 0.543590 -0.173640 
-0.217229 0.572439 -0.173679 -0.153923 0.598258 -0.173904 
-0.092768 0.621043 -0.174332 -0.033683 0.640813 -0.174909 
0.023374 0.657596 -0.175554 0.078445 0.671417 -0.176186 
0.131573 0.682304 -0.176724 0.182798 0.690284 -0.177088 
0.232184 0.695373 -0.177242 0.279826 0.697568 -0.177230 
0.325821 0.696865 -0.177104 0.370270 0.693259 -0.176919 
0.413272 0.686745 -0.176724 0.454921 0.677321 -0.176571 
0.495290 0.665001 -0.176473 0.534432 0.649807 -0.176425 
0.572404 0.631766 -0.176421 0.609260 0.610899 -0.176456 
0.645057 0.587232 -0.176525 0.679871 0.560791 -0.176612 
0.713844 0.531615 -0.176678 0.747125 0.499742 -0.176679 
0.779864 0.465213 -0.176571 0.812209 0.428065 -0.176311 
0.844293 0.388329 -0.175858 0.875915 0.345876 -0.175231 
0.906602 0.300448 -0.174501 0.935873 0.251782 -0.173737 
0.963248 0.199615 -0.173010 0.988246 0.143684 -0.172391 
-0.976205 0.142753 -0.123594 -0.896869 0.202610 -0.124754 
-0.816019 0.258181 -0.125302 -0.734678 0.309746 -0.125385 
-0.653874 0.357585 -0.125149 -0.574630 0.401981 -0.124739 
-0.497957 0.443209 -0.124302 -0.424334 0.481425 -0.123932 
-0.353603 0.516631 -0.123666 -0.285566 0.548825 -0.123537 
-0.220026 0.578002 -0.123577 -0.156787 0.604158 -0.123821 
-0.095667 0.627290 -0.124288 -0.036592 0.647411 -0.124917 
0.020479 0.664538 -0.125615 0.075581 0.678688 -0.126292 
0.128754 0.689879 -0.126854 0.180033 0.698127 -0.127211 
0.229481 0.703442 -0.127325 0.277195 0.705820 -0.127250 
0.323280 0.705257 -0.127054 0.367838 0.701745 -0.126800 
0.410972 0.695281 -0.126554 0.452783 0.685860 -0.126377 
0.493335 0.673501 -0.126282 0.532673 0.658233 -0.126257 
0.570844 0.640086 -0.126287 0.607892 0.619091 -0.126360 
0.643862 0.595276 -0.126461 0.678826 0.568671 -0.126568 
0.712928 0.539300 -0.126635 0.746321 0.507187 -0.126611 
0.779160 0.472356 -0.126444 0.811598 0.434831 -0.126085 
0.843770 0.394628 -0.125488 0.875480 0.351609 -0.124717 
0.906259 0.305512 -0.123924 0.935629 0.256073 -0.123264 
0.963110 0.203024 -0.122892 0.988227 0.146101 -0.122962 
-0.976110 0.144034 -0.074640 -0.897298 0.204382 -0.075347 
-0.816889 0.260360 -0.075617 -0.735919 0.312268 -0.075558 
-0.655424 0.360403 -0.075273 -0.576440 0.405066 -0.074867 
-0.499987 0.446549 -0.074444 -0.426549 0.485020 -0.074079 
-0.355970 0.520487 -0.073811 -0.288052 0.552952 -0.073675 
-0.222600 0.582415 -0.073709 -0.159417 0.608877 -0.073948 
-0.098324 0.632339 -0.074416 -0.039250 0.652803 -0.075049 
0.017840 0.670276 -0.075748 0.072977 0.684761 -0.076416 
0.126193 0.696263 -0.076957 0.177522 0.704786 -0.077274 
0.227021 0.710331 -0.077328 0.274794 0.712892 -0.077184 
0.320949 0.712463 -0.076920 0.365594 0.709036 -0.076610 
0.408837 0.702604 -0.076330 0.450782 0.693165 -0.076151 
0.491489 0.680740 -0.076083 0.530992 0.665370 -0.076104 
0.569326 0.647093 -0.076190 0.606527 0.625950 -0.076320 
0.642629 0.601979 -0.076471 0.677699 0.575212 -0.076611 
0.711886 0.545661 -0.076690 0.745355 0.513337 -0.076653 
0.778268 0.478248 -0.076446 0.810790 0.440404 -0.076014 
0.843064 0.399805 -0.075312 0.874896 0.356301 -0.074443 
0.905813 0.309618 -0.073632 0.935336 0.259479 -0.073111 
0.962981 0.205605 -0.073109 0.988270 0.147717 -0.073858 
-0.976233 0.144561 -0.025671 -0.897785 0.205421 -0.025905 
-0.817713 0.261801 -0.025906 -0.737050 0.314023 -0.025730 
-0.656832 0.362411 -0.025433 -0.578093 0.407287 -0.025070 
-0.501850 0.448971 -0.024696 -0.428589 0.487644 -0.024360 
-0.358153 0.523324 -0.024102 -0.290345 0.556017 -0.023962 
-0.224972 0.585729 -0.023980 -0.161837 0.612466 -0.024195 
-0.100763 0.636234 -0.024633 -0.041681 0.657028 -0.025230 
0.015435 0.674836 -0.025888 0.070610 0.689650 -0.026509 
0.123872 0.701460 -0.026995 0.175246 0.710256 -0.027250 
0.224790 0.716029 -0.027236 0.272611 0.718770 -0.027027 
0.318823 0.718469 -0.026705 0.363539 0.715118 -0.026355 
0.406872 0.708707 -0.026058 0.448932 0.699232 -0.025891 
0.489772 0.686722 -0.025863 0.529416 0.671229 -0.025940 
0.567890 0.652804 -0.026093 0.605216 0.631499 -0.026289 
0.641420 0.607363 -0.026497 0.676563 0.580436 -0.026679 
0.710805 0.550718 -0.026781 0.744323 0.518205 -0.026746 
0.777292 0.482893 -0.026518 0.809889 0.444777 -0.026040 
0.842269 0.403845 -0.025267 0.874241 0.359929 -0.024337 
0.905324 0.312739 -0.023542 0.935030 0.261977 -0.023177 
0.962869 0.207347 -0.023538 0.988354 0.148553 -0.024922 
-0.976503 0.144427 0.023362 -0.898297 0.205762 0.023613 
-0.818480 0.262502 0.023876 -0.738077 0.314997 0.024149 
-0.658111 0.363594 0.024433 -0.579605 0.408642 0.024726 
-0.503567 0.450486 0.025029 -0.430476 0.489324 0.025321 
-0.360175 0.525180 0.025561 -0.292471 0.558065 0.025706 
-0.227168 0.587993 0.025712 -0.164072 0.614977 0.025537 
-0.103008 0.639025 0.025153 -0.043912 0.660122 0.024620 
0.013236 0.678246 0.024032 0.068455 0.693371 0.023484 
0.121764 0.705474 0.023071 0.173184 0.714531 0.022886 
0.222769 0.720522 0.022963 0.270631 0.723435 0.023225 
0.316890 0.723256 0.023586 0.361667 0.719974 0.023960 
0.405079 0.713576 0.024259 0.447242 0.704055 0.024404 
0.488203 0.691449 0.024392 0.527976 0.675822 0.024259 
0.566575 0.657238 0.024044 0.604013 0.635762 0.023785 
0.640303 0.611459 0.023520 0.675501 0.584372 0.023293 
0.709780 0.554493 0.023160 0.743331 0.521808 0.023179 
0.776342 0.486299 0.023409 0.809006 0.447949 0.023908 
0.841491 0.406735 0.024721 0.873605 0.362472 0.025681 
0.904859 0.314847 0.026442 0.934751 0.263543 0.026652 
0.962783 0.208243 0.025961 0.988455 0.148628 0.024017 
-0.976851 0.143726 0.072505 -0.898798 0.205435 0.073249 
-0.819180 0.262462 0.073772 -0.739003 0.315174 0.074132 
-0.659272 0.363941 0.074388 -0.580993 0.409131 0.074597 
-0.505156 0.451109 0.074817 -0.432230 0.490086 0.075059 
-0.362060 0.526091 0.075280 -0.294452 0.559144 0.075433 
-0.229213 0.589261 0.075471 -0.166150 0.616461 0.075349 
-0.105087 0.640758 0.075034 -0.045969 0.662127 0.074581 
0.011219 0.680532 0.074078 0.066487 0.695937 0.073615 
0.119848 0.708306 0.073279 0.171314 0.717602 0.073158 
0.220938 0.723796 0.073282 0.268839 0.726870 0.073575 
0.315141 0.726806 0.073952 0.359973 0.723588 0.074327 
0.403461 0.717200 0.074615 0.445722 0.707631 0.074738 
0.486801 0.694925 0.074693 0.526701 0.679160 0.074521 
0.565424 0.660415 0.074262 0.602971 0.638766 0.073956 
0.639344 0.614293 0.073645 0.674594 0.587046 0.073373 
0.708906 0.557011 0.073201 0.742484 0.524163 0.073189 
0.775532 0.488474 0.073401 0.808254 0.449919 0.073897 
0.840833 0.408462 0.074725 0.873077 0.363905 0.075693 
0.904483 0.315915 0.076413 0.934538 0.264153 0.076490 
0.962731 0.208283 0.075527 0.988550 0.147965 0.073131 
-0.977204 0.142553 0.121804 -0.899254 0.204474 0.123045 
-0.819803 0.261677 0.123828 -0.739834 0.314539 0.124272 
-0.660331 0.363438 0.124497 -0.582276 0.408751 0.124619 
-0.506638 0.450850 0.124756 -0.433875 0.489954 0.124950 
-0.363831 0.526096 0.125156 -0.296315 0.559298 0.125323 
-0.231133 0.589583 0.125401 -0.168095 0.616972 0.125340 
-0.107027 0.641480 0.125102 -0.047878 0.663078 0.124735 
0.009356 0.681722 0.124320 0.064680 0.697364 0.123938 
0.118097 0.709960 0.123669 0.169615 0.719463 0.123592 
0.219280 0.725837 0.123734 0.267219 0.729057 0.124025 
0.313566 0.729100 0.124387 0.358455 0.725944 0.124740 
0.402018 0.719567 0.125005 0.444383 0.709952 0.125111 
0.485587 0.697151 0.125055 0.525621 0.681255 0.124872 
0.564476 0.662352 0.124601 0.602142 0.640535 0.124277 
0.638609 0.615893 0.123937 0.673924 0.588487 0.123626 
0.708278 0.558295 0.123408 0.741889 0.525286 0.123352 
0.774972 0.489426 0.123525 0.807745 0.450683 0.123996 
0.840400 0.409014 0.124817 0.872745 0.364208 0.125781 
0.904263 0.315916 0.126468 0.934430 0.263784 0.126451 
0.962722 0.207458 0.125301 0.988613 0.146585 0.122590 
-0.977497 0.140988 0.171300 -0.899632 0.202904 0.173036 
-0.820337 0.260145 0.174081 -0.740572 0.313078 0.174614 
-0.661294 0.362073 0.174814 -0.583463 0.407500 0.174857 
-0.508024 0.449721 0.174920 -0.435422 0.488953 0.175076 
-0.365502 0.525229 0.175277 -0.298072 0.558572 0.175468 
-0.232943 0.589007 0.175593 -0.169923 0.616556 0.175596 
-0.108843 0.641236 0.175435 -0.049657 0.663015 0.175151 
0.007631 0.681842 0.174815 0.063018 0.697667 0.174498 
0.116499 0.710439 0.174271 0.168072 0.720110 0.174206 
0.217783 0.726634 0.174327 0.265765 0.729982 0.174576 
0.312160 0.730124 0.174886 0.357111 0.727028 0.175191 
0.400759 0.720666 0.175424 0.443237 0.711016 0.175525 
0.484578 0.698133 0.175487 0.524763 0.682118 0.175335 
0.563770 0.663072 0.175095 0.601576 0.641095 0.174791 
0.638160 0.616290 0.174450 0.673561 0.588722 0.174109 
0.707979 0.558370 0.173841 0.741638 0.525197 0.173725 
0.774763 0.489167 0.173840 0.807578 0.450243 0.174265 
0.840285 0.408380 0.175062 0.872687 0.363360 0.176018 
0.904258 0.314825 0.176692 0.934461 0.262412 0.176637 
0.962761 0.205760 0.175404 0.988622 0.144505 0.172547 
-0.977694 0.138972 0.220966 -0.899909 0.200685 0.223196 
-0.820763 0.257837 0.224506 -0.741191 0.310772 0.225134 
-0.662128 0.359835 0.225315 -0.584510 0.405370 0.225289 
-0.509258 0.447719 0.225287 -0.436805 0.487081 0.225414 
-0.366997 0.523490 0.225619 -0.299644 0.556969 0.225839 
-0.234558 0.587541 0.226015 -0.171548 0.615227 0.226084 
-0.110448 0.640044 0.225998 -0.051218 0.661958 0.225789 
0.006128 0.680919 0.225519 0.061581 0.696876 0.225250 
0.115127 0.709778 0.225043 0.166756 0.719574 0.224961 
0.216512 0.726219 0.225027 0.264536 0.729672 0.225198 
0.310978 0.729898 0.225426 0.355991 0.726857 0.225662 
0.399724 0.720514 0.225856 0.442317 0.710838 0.225964 
0.483800 0.697889 0.225971 0.524142 0.681774 0.225886 
0.563308 0.662603 0.225716 0.601266 0.640482 0.225468 
0.637982 0.615523 0.225148 0.673489 0.587796 0.224786 
0.707987 0.557280 0.224465 0.741707 0.523939 0.224279 
0.774877 0.487737 0.224322 0.807727 0.448636 0.224686 
0.840461 0.406589 0.225448 0.872879 0.361380 0.226395 
0.904446 0.312649 0.227076 0.934615 0.260034 0.227033 
0.962840 0.203172 0.225806 0.988575 0.141699 0.222937 
-0.977781 0.136368 0.270739 -0.900070 0.197740 0.273467 
-0.821055 0.254715 0.275044 -0.741651 0.307602 0.275768 
-0.662772 0.356712 0.275934 -0.585335 0.402352 0.275839 
-0.510240 0.444830 0.275776 -0.437909 0.484324 0.275877 
-0.368190 0.520865 0.276088 -0.300894 0.554474 0.276340 
-0.235835 0.585171 0.276567 -0.172824 0.612976 0.276701 
-0.111697 0.637904 0.276686 -0.052420 0.659922 0.276547 
0.004985 0.678981 0.276334 0.060501 0.695032 0.276101 
0.114108 0.708024 0.275899 0.165786 0.717910 0.275781 
0.215578 0.724642 0.275772 0.263633 0.728174 0.275846 
0.310111 0.728464 0.275975 0.355172 0.725467 0.276131 
0.398975 0.719139 0.276283 0.441668 0.709446 0.276404 
0.483278 0.696447 0.276474 0.523762 0.680255 0.276479 
0.563076 0.660980 0.276402 0.601177 0.638737 0.276230 
0.638022 0.613638 0.275947 0.673636 0.585759 0.275570 
0.708219 0.555081 0.275195 0.742003 0.521571 0.274934 
0.775218 0.485193 0.274897 0.808093 0.445914 0.275194 
0.840836 0.403690 0.275917 0.873242 0.358307 0.276859 
0.904764 0.309415 0.277561 0.934848 0.256657 0.277559 
0.962937 0.199677 0.276387 0.988477 0.138119 0.273579 
-0.977740 0.133037 0.320555 -0.900098 0.193989 0.323787 
-0.821188 0.250737 0.325634 -0.741911 0.303549 0.326453 
-0.663168 0.352693 0.326600 -0.585859 0.398436 0.326434 
-0.510872 0.441041 0.326305 -0.438621 0.480666 0.326378 
-0.368954 0.517336 0.326592 -0.301687 0.551069 0.326873 
-0.236632 0.581882 0.327148 -0.173606 0.609795 0.327342 
-0.112443 0.634818 0.327395 -0.053118 0.656920 0.327319 
0.004342 0.676054 0.327158 0.059913 0.692172 0.326955 
0.113567 0.705227 0.326752 0.165280 0.715170 0.326593 
0.215091 0.721956 0.326501 0.263157 0.725536 0.326473 
0.309647 0.725864 0.326500 0.354731 0.722891 0.326573 
0.398575 0.716572 0.326684 0.441336 0.706867 0.326823 
0.483037 0.693836 0.326962 0.523628 0.677590 0.327064 
0.563057 0.658240 0.327089 0.601274 0.635900 0.327000 
0.638226 0.610682 0.326760 0.673931 0.582663 0.326372 
0.708591 0.551828 0.325945 0.742432 0.518148 0.325610 
0.775685 0.481593 0.325493 0.808579 0.442134 0.325724 
0.841318 0.399731 0.326413 0.873691 0.354181 0.327354 
0.905145 0.305148 0.328085 0.935113 0.252287 0.328133 
0.963032 0.195257 0.327025 0.988336 0.133715 0.324290 
-0.977558 0.128842 0.370352 -0.899978 0.189354 0.374096 
-0.821137 0.245864 0.376214 -0.741931 0.298593 0.377125 
-0.663255 0.347768 0.377246 -0.586003 0.393610 0.376999 
-0.511055 0.436341 0.376794 -0.438826 0.476093 0.376829 
-0.369164 0.512886 0.377038 -0.301886 0.546737 0.377340 
-0.236808 0.577662 0.377657 -0.173747 0.605675 0.377906 
-0.112541 0.630788 0.378020 -0.053168 0.652967 0.378004 
0.004339 0.672165 0.377892 0.059949 0.688337 0.377719 
0.113632 0.701433 0.377517 0.165355 0.711408 0.377321 
0.215159 0.718214 0.377156 0.263207 0.721807 0.377034 
0.309677 0.722139 0.376968 0.354745 0.719165 0.376966 
0.398586 0.712841 0.377040 0.441365 0.703128 0.377197 
0.483103 0.690082 0.377401 0.523746 0.673810 0.377593 
0.563237 0.654418 0.377714 0.601520 0.632013 0.377703 
0.638538 0.606702 0.377502 0.674305 0.578559 0.377102 
0.709017 0.547576 0.376628 0.742901 0.513729 0.376224 
0.776181 0.476994 0.376037 0.809084 0.437349 0.376213 
0.841812 0.394761 0.376877 0.874146 0.349042 0.377827 
0.905523 0.299872 0.378587 0.935367 0.246930 0.378672 
0.963104 0.189893 0.377600 0.988159 0.128438 0.374885 
-0.977219 0.123645 0.420064 -0.899694 0.183758 0.424335 
-0.820878 0.240055 0.426725 -0.741671 0.292716 0.427720 
-0.662974 0.341925 0.427803 -0.585685 0.387865 0.427459 
-0.510692 0.430717 0.427162 -0.438410 0.470588 0.427143 
-0.368692 0.507499 0.427333 -0.301355 0.541462 0.427645 
-0.236219 0.572494 0.427992 -0.173102 0.600609 0.428287 
-0.111844 0.625814 0.428457 -0.052427 0.648075 0.428498 
0.005114 0.667342 0.428436 0.060744 0.683564 0.428297 
0.114428 0.696693 0.428107 0.166131 0.706676 0.427890 
0.215893 0.713469 0.427674 0.263885 0.717034 0.427483 
0.310290 0.717331 0.427345 0.355291 0.714325 0.427286 
0.399071 0.707976 0.427332 0.441800 0.698256 0.427503 
0.483503 0.685215 0.427757 0.524122 0.668947 0.428020 
0.563600 0.649549 0.428213 0.601881 0.627116 0.428261 
0.638906 0.601743 0.428087 0.674686 0.573499 0.427674 
0.709416 0.542380 0.427157 0.743315 0.508371 0.426698 
0.776606 0.471454 0.426457 0.809510 0.431616 0.426595 
0.842225 0.388831 0.427253 0.874524 0.342928 0.428222 
0.905833 0.293614 0.429005 0.935564 0.240592 0.429096 
0.963133 0.183566 0.427990 0.987953 0.122239 0.425181 
-0.976647 0.117362 0.469592 -0.899190 0.177165 0.474441 
-0.820363 0.233302 0.477134 -0.741084 0.285923 0.478222 
-0.662274 0.335176 0.478262 -0.584849 0.381211 0.477806 
-0.509715 0.424175 0.477401 -0.437300 0.464156 0.477310 
-0.367458 0.501174 0.477464 -0.300011 0.535243 0.477768 
-0.234779 0.566379 0.478132 -0.171581 0.594596 0.478462 
-0.110263 0.619902 0.478680 -0.050805 0.642257 0.478775 
0.006754 0.661603 0.478765 0.062379 0.677883 0.478670 
0.116033 0.691039 0.478506 0.167682 0.701014 0.478293 
0.217364 0.707762 0.478056 0.265256 0.711258 0.477829 
0.311547 0.711481 0.477650 0.356425 0.708407 0.477555 
0.400079 0.702015 0.477582 0.442683 0.692287 0.477760 
0.484267 0.679268 0.478044 0.524776 0.663036 0.478346 
0.564156 0.643669 0.478581 0.602354 0.621247 0.478660 
0.639314 0.595848 0.478496 0.675049 0.567528 0.478066 
0.709749 0.536291 0.477516 0.743629 0.502128 0.477018 
0.776908 0.465031 0.476744 0.809802 0.424993 0.476867 
0.842503 0.381999 0.477538 0.874776 0.335897 0.478533 
0.906032 0.286424 0.479323 0.935672 0.233313 0.479367 
0.963096 0.176297 0.478125 0.987704 0.115109 0.475057 
-0.975611 0.110060 0.518733 -0.898306 0.169647 0.524356 
-0.819489 0.225682 0.527479 -0.740111 0.278290 0.528737 
-0.661128 0.327591 0.528769 -0.583493 0.373711 0.528212 
-0.508143 0.416771 0.527691 -0.435529 0.456846 0.527518 
-0.365508 0.493955 0.527619 -0.297904 0.528117 0.527900 
-0.232542 0.559347 0.528263 -0.169244 0.587661 0.528615 
-0.107857 0.613068 0.528870 -0.048364 0.635520 0.529013 
0.009201 0.654949 0.529056 0.064800 0.671288 0.529010 
0.118400 0.684467 0.528886 0.169964 0.694421 0.528696 
0.219537 0.701101 0.528462 0.267296 0.704503 0.528226 
0.313435 0.704624 0.528030 0.358147 0.701461 0.527917 
0.401624 0.695012 0.527931 0.444045 0.685277 0.528107 
0.485443 0.672295 0.528398 0.525772 0.656122 0.528713 
0.564982 0.636817 0.528960 0.603026 0.614439 0.529047 
0.639855 0.589044 0.528882 0.675485 0.560676 0.528439 
0.710102 0.529343 0.527869 0.743921 0.495045 0.527351 
0.777153 0.457782 0.527064 0.810014 0.417555 0.527187 
0.842690 0.374357 0.527875 0.874935 0.328057 0.528885 
0.906141 0.278422 0.529642 0.935688 0.225217 0.529563 
0.962960 0.168203 0.528063 0.987337 0.107146 0.524558 
-0.973855 0.101827 0.567272 -0.896866 0.161297 0.574019 
-0.818142 0.217287 0.577812 -0.738690 0.269902 0.579391 
-0.659516 0.319250 0.579497 -0.581626 0.365437 0.578873 
-0.506009 0.408569 0.578247 -0.433147 0.448715 0.577987 
-0.362904 0.485895 0.578024 -0.295108 0.520128 0.578263 
-0.229588 0.551434 0.578607 -0.166172 0.579831 0.578961 
-0.104710 0.605329 0.579240 -0.045184 0.627871 0.579424 
0.012375 0.647379 0.579516 0.067933 0.663771 0.579522 
0.121458 0.676968 0.579446 0.172919 0.686891 0.579292 
0.222361 0.693493 0.579079 0.269967 0.696788 0.578851 
0.315931 0.696796 0.578653 0.360449 0.693535 0.578532 
0.403716 0.687026 0.578535 0.445914 0.677288 0.578698 
0.487082 0.664352 0.578978 0.527180 0.648255 0.579282 
0.566166 0.629032 0.579520 0.603999 0.606721 0.579598 
0.640638 0.581357 0.579427 0.676104 0.552970 0.578980 
0.710583 0.521571 0.578408 0.744288 0.487167 0.577891 
0.777430 0.449766 0.577607 0.810221 0.409377 0.577736 
0.842849 0.365999 0.578430 0.875049 0.319522 0.579420 
0.906187 0.269738 0.580081 0.935618 0.216440 0.579780 
0.962694 0.159418 0.577882 0.986771 0.098464 0.573755 
-0.971122 0.092752 0.614989 -0.894691 0.152208 0.623369 
-0.816210 0.208205 0.628184 -0.736759 0.260845 0.630309 
-0.657415 0.310230 0.630618 -0.579256 0.356460 0.629988 
-0.503346 0.399635 0.629280 -0.430206 0.439821 0.628938 
-0.359711 0.477042 0.628902 -0.291696 0.511320 0.629081 
-0.225997 0.542677 0.629383 -0.162448 0.571135 0.629719 
-0.100905 0.596703 0.630005 -0.041349 0.619318 0.630219 
0.016196 0.638889 0.630356 0.071700 0.655323 0.630413 
0.125138 0.668530 0.630387 0.176484 0.678419 0.630275 
0.225786 0.684942 0.630092 0.273229 0.688133 0.629881 
0.319009 0.688032 0.629689 0.363322 0.684679 0.629564 
0.406365 0.678115 0.629551 0.448321 0.668380 0.629690 
0.489234 0.655496 0.629940 0.529070 0.639482 0.630214 
0.567796 0.620352 0.630426 0.605375 0.598124 0.630488 
0.641773 0.572814 0.630313 0.677018 0.544437 0.629879 
0.711298 0.513006 0.629329 0.744828 0.478537 0.628835 
0.777823 0.441042 0.628567 0.810498 0.400534 0.628697 
0.843040 0.357022 0.629370 0.875166 0.310406 0.630282 
0.906202 0.260502 0.630759 0.935464 0.207121 0.630114 
0.962265 0.150076 0.627663 0.985923 0.089178 0.622719 
-0.967155 0.082924 0.661670 -0.891605 0.142469 0.672347 
-0.813581 0.198528 0.678647 -0.734255 0.251206 0.681617 
-0.654802 0.300612 0.682304 -0.576393 0.346851 0.681755 
-0.500184 0.390031 0.681003 -0.426755 0.430221 0.680592 
-0.355992 0.467449 0.680476 -0.287741 0.501738 0.680576 
-0.221846 0.533113 0.680812 -0.158154 0.561599 0.681104 
-0.096527 0.587207 0.681379 -0.036941 0.609867 0.681609 
0.020583 0.629477 0.681782 0.076028 0.645936 0.681886 
0.129372 0.659144 0.681909 0.180599 0.668998 0.681840 
0.229761 0.675453 0.681688 0.277044 0.678557 0.681495 
0.322644 0.678367 0.681308 0.366756 0.674942 0.681173 
0.409579 0.668339 0.681137 0.451293 0.658613 0.681239 
0.491948 0.645783 0.681443 0.531513 0.629851 0.681672 
0.569959 0.610816 0.681847 0.607254 0.588679 0.681890 
0.643370 0.563440 0.681723 0.678337 0.535103 0.681324 
0.712353 0.503684 0.680824 0.745640 0.469199 0.680376 
0.778421 0.431667 0.680135 0.810918 0.391103 0.680254 
0.843325 0.347519 0.680861 0.875333 0.300825 0.681616 
0.906214 0.250843 0.681796 0.935230 0.197398 0.680664 
0.961641 0.140311 0.677484 0.984710 0.079404 0.671520 
-0.961725 0.072430 0.707121 -0.887438 0.132168 0.720888 
-0.810135 0.188336 0.729229 -0.731106 0.241059 0.733408 
-0.651641 0.290462 0.734689 -0.573030 0.336672 0.734335 
-0.496544 0.379811 0.733592 -0.422833 0.419962 0.733132 
-0.351800 0.457154 0.732935 -0.283305 0.491413 0.732938 
-0.217206 0.522766 0.733082 -0.153363 0.551239 0.733303 
-0.091649 0.576846 0.733545 -0.032037 0.599511 0.733775 
0.025464 0.619127 0.733973 0.080844 0.635587 0.734116 
0.134094 0.648784 0.734183 0.185204 0.658610 0.734152 
0.234236 0.665018 0.734024 0.281373 0.668067 0.733842 
0.326809 0.667826 0.733651 0.370739 0.664362 0.733496 
0.413360 0.657744 0.733425 0.454853 0.648038 0.733476 
0.495265 0.635259 0.733620 0.534567 0.619400 0.733793 
0.572731 0.600452 0.733927 0.609726 0.578404 0.733955 
0.645522 0.553249 0.733811 0.680158 0.524984 0.733477 
0.713840 0.493624 0.733058 0.746807 0.459185 0.732682 
0.779295 0.421686 0.732474 0.811541 0.381145 0.732560 
0.843749 0.337572 0.733041 0.875578 0.290875 0.733538 
0.906231 0.240875 0.733285 0.934899 0.187391 0.731501 
0.960774 0.130242 0.727406 0.983045 0.069246 0.720218 
-0.955055 0.061322 0.751585 -0.882140 0.121274 0.768875 
-0.805666 0.177547 0.779591 -0.727034 0.230289 0.785228 
-0.647648 0.279650 0.787280 -0.568912 0.325779 0.787242 
-0.492207 0.368826 0.786587 -0.418255 0.408884 0.786126 
-0.346981 0.445987 0.785870 -0.278260 0.480163 0.785782 
-0.211971 0.511439 0.785826 -0.147990 0.539846 0.785965 
-0.086206 0.565395 0.786162 -0.026587 0.588014 0.786385 
0.030868 0.607594 0.786602 0.086163 0.624026 0.786780 
0.139299 0.637202 0.786888 0.190278 0.647014 0.786894 
0.239170 0.653415 0.786792 0.286155 0.656464 0.786622 
0.331426 0.656230 0.786427 0.375177 0.652781 0.786252 
0.417602 0.646189 0.786140 0.458880 0.636517 0.786130 
0.499055 0.623783 0.786203 0.538096 0.607979 0.786307 
0.575971 0.589096 0.786392 0.612646 0.567126 0.786405 
0.648090 0.542059 0.786296 0.682341 0.513893 0.786048 
0.715620 0.482638 0.785734 0.748183 0.448308 0.785444 
0.780281 0.410916 0.785266 0.812169 0.370474 0.785289 
0.844063 0.326990 0.785574 0.875594 0.280365 0.785711 
0.905901 0.230410 0.784898 0.934112 0.176936 0.782324 
0.959352 0.119753 0.777176 0.980747 0.058670 0.768641 
-0.947744 0.049624 0.795663 -0.875763 0.109667 0.816145 
-0.799893 0.165945 0.829086 -0.721595 0.218627 0.836166 
-0.642335 0.267878 0.839063 -0.563576 0.313867 0.839456 
-0.486761 0.356759 0.839003 -0.412656 0.396660 0.838629 
-0.341209 0.433606 0.838380 -0.272321 0.467628 0.838246 
-0.205891 0.498756 0.838220 -0.141820 0.527022 0.838294 
-0.080016 0.552443 0.838458 -0.020444 0.574950 0.838679 
0.036912 0.594440 0.838918 0.092066 0.610812 0.839135 
0.145033 0.623961 0.839292 0.195829 0.633788 0.839350 
0.244529 0.640244 0.839295 0.291315 0.643375 0.839161 
0.336378 0.643236 0.838986 0.379910 0.639884 0.838809 
0.422103 0.633374 0.838669 0.463135 0.623758 0.838597 
0.503047 0.611059 0.838588 0.541802 0.595282 0.838609 
0.579360 0.576431 0.838628 0.615684 0.554509 0.838612 
0.650736 0.529523 0.838531 0.684551 0.501475 0.838370 
0.717362 0.470368 0.838165 0.749431 0.436202 0.837958 
0.781020 0.398979 0.837793 0.812394 0.358701 0.837713 
0.843778 0.315363 0.837733 0.874797 0.268863 0.837417 
0.904576 0.219015 0.835953 0.932222 0.165633 0.832516 
0.956846 0.108529 0.826283 0.977556 0.047516 0.816430 
-0.940402 0.037361 0.839965 -0.868361 0.097219 0.862535 
-0.792533 0.153309 0.877060 -0.714340 0.205796 0.885298 
-0.635206 0.254846 0.889006 -0.556554 0.300623 0.889942 
-0.479787 0.343291 0.889840 -0.405663 0.382958 0.889683 
-0.334156 0.419664 0.889546 -0.265196 0.453444 0.889453 
-0.198711 0.484333 0.889425 -0.134632 0.512369 0.889484 
-0.072892 0.537572 0.889646 -0.013453 0.559886 0.889885 
0.043715 0.579224 0.890160 0.098638 0.595498 0.890430 
0.151345 0.608620 0.890654 0.201865 0.618504 0.890791 
0.250281 0.625099 0.890823 0.296777 0.628422 0.890772 
0.341544 0.628497 0.890665 0.384774 0.625347 0.890527 
0.426660 0.618995 0.890385 0.467379 0.609466 0.890262 
0.506968 0.596790 0.890163 0.545381 0.581000 0.890081 
0.582574 0.562131 0.890008 0.618501 0.540216 0.889936 
0.653116 0.515289 0.889859 0.686450 0.487370 0.889768 
0.718727 0.456446 0.889655 0.750206 0.422494 0.889511 
0.781145 0.385497 0.889327 0.811800 0.345431 0.889094 
0.842396 0.302275 0.888778 0.872595 0.255931 0.887931 
0.901595 0.206250 0.885756 0.928576 0.153075 0.881449 
0.952720 0.096252 0.874205 0.973211 0.035627 0.863219 
-0.933641 0.024555 0.885103 -0.859988 0.083807 0.907881 
-0.783303 0.139419 0.922858 -0.704819 0.191523 0.931701 
-0.625766 0.240250 0.936080 -0.547377 0.285733 0.937662 
-0.470868 0.328100 0.938096 -0.396904 0.367445 0.938325 
-0.325491 0.403812 0.938453 -0.256594 0.437246 0.938528 
-0.190178 0.467789 0.938602 -0.126208 0.495484 0.938725 
-0.064649 0.520363 0.938939 -0.005461 0.542390 0.939231 
0.051396 0.561504 0.939566 0.105964 0.577640 0.939910 
0.158283 0.590737 0.940229 0.208395 0.600732 0.940489 
0.256394 0.607574 0.940668 0.302465 0.611228 0.940771 
0.346805 0.611664 0.940801 0.389608 0.608848 0.940764 
0.431070 0.602750 0.940665 0.471370 0.593344 0.940510 
0.510541 0.580675 0.940316 0.548531 0.564823 0.940107 
0.585288 0.545873 0.939905 0.620757 0.523906 0.939736 
0.654887 0.499005 0.939621 0.687694 0.471218 0.939564 
0.719378 0.440507 0.939507 0.750166 0.406814 0.939386 
0.780288 0.370087 0.939137 0.809972 0.330269 0.938693 
0.839420 0.287306 0.937970 0.868396 0.241131 0.936524 
0.896299 0.191672 0.933616 0.922517 0.138853 0.928498 
0.946438 0.082601 0.920423 0.967450 0.022842 0.908641 
-0.928069 0.011231 0.931689 -0.850698 0.069303 0.952020 
-0.771922 0.124052 0.965824 -0.692582 0.175531 0.974451 
-0.613521 0.223791 0.979254 -0.535578 0.268885 0.981582 
-0.459584 0.310867 0.982770 -0.386008 0.349788 0.983598 
-0.314886 0.385704 0.984182 -0.246226 0.418669 0.984595 
-0.180036 0.448739 0.984913 -0.116327 0.475966 0.985210 
-0.055099 0.500399 0.985553 0.003684 0.522030 0.985946 
0.060075 0.540836 0.986375 0.114127 0.556790 0.986823 
0.165894 0.569869 0.987275 0.215428 0.580045 0.987715 
0.262834 0.587263 0.988122 0.308304 0.591416 0.988471 
0.352042 0.592388 0.988732 0.394249 0.590065 0.988880 
0.435129 0.584334 0.988885 0.474866 0.575096 0.988726 
0.513493 0.562414 0.988434 0.550949 0.546441 0.988069 
0.587176 0.527332 0.987695 0.622115 0.505240 0.987372 
0.655706 0.480319 0.987162 0.687945 0.452660 0.987080 
0.718977 0.422185 0.987024 0.748968 0.388789 0.986869 
0.778085 0.352369 0.986493 0.806495 0.312818 0.985773 
0.834354 0.270039 0.984569 0.861607 0.224023 0.982470 
0.888031 0.174840 0.978841 0.913393 0.122561 0.973037 
0.937464 0.067258 0.964415 0.960014 0.009001 0.952333 

LINES 42 1722
40 0 1 2 3 4 5 6 7 8 9 10 11 12 13 14 15 16 17 18 19 20 21 22 23 24 25 26 27 28 29 30 31 32 33 34 35 36 37 38 39 
40 40 41 42 43 44 45 46 47 48 49 50 51 52 53 54 55 56 57 58 59 60 61 62 63 64 65 66 67 68 69 70 71 72 73 74 75 76 77 78 79 
40 120 121 122 123 124 125 126 127 128 129 130 131 132 133 134 135 136 137 138 139 140 141 142 143 144 145 146 147 148 149 150 151 152 153 154 155 156 157 158 159 
40 200 201 202 203 204 205 206 207 208 209 210 211 212 213 214 215 216 217 218 219 220 221 222 223 224 225 226 227 228 229 230 231 232 233 234 235 236 237 238 239 
40 280 281 282 283 284 285 286 287 288 289 290 291 292 293 294 295 296 297 298 299 300 301 302 303 304 305 306 307 308 309 310 311 312 313 314 315 316 317 318 319 
40 360 361 362 363 364 365 366 367 368 369 370 371 372 373 374 375 376 377 378 379 380 381 382 383 384 385 386 387 388 389 390 391 392 393 394 395 396 397 398 399 
40 440 441 442 443 444 445 446 447 448 449 450 451 452 453 454 455 456 457 458 459 460 461 462 463 464 465 466 467 468 469 470 471 472 473 474 475 476 477 478 479 
40 520 521 522 523 524 525 526 527 528 529 530 531 532 533 534 535 536 537 538 539 540 541 542 543 544 545 546 547 548 549 550 551 552 553 554 555 556 557 558 559 
40 600 601 602 603 604 605 606 607 608 609 610 611 612 613 614 615 616 617 618 619 620 621 622 623 624 625 626 627 628 629 630 631 632 633 634 635 636 637 638 639 
40 680 681 682 683 684 685 686 687 688 689 690 691 692 693 694 695 696 697 698 699 700 701 702 703 704 705 706 707 708 709 710 711 712 713 714 715 716 717 718 719 
40 760 761 762 763 764 765 766 767 768 769 770 771 772 773 774 775 776 777 778 779 780 781 782 783 784 785 786 787 788 789 790 791 792 793 794 795 796 797 798 799 
40 840 841 842 843 844 845 846 847 848 849 850 851 852 853 854 855 856 857 858 859 860 861 862 863 864 865 866 867 868 869 870 871 872 873 874 875 876 877 878 879 
40 920 921 922 923 924 925 926 927 928 929 930 931 932 933 934 935 936 937 938 939 940 941 942 943 944 945 946 947 948 949 950 951 952 953 954 955 956 957 958 959 
40 1000 1001 1002 1003 1004 1005 1006 1007 1008 1009 1010 1011 1012 1013 1014 1015 1016 1017 1018 1019 1020 1021 1022 1023 1024 1025 1026 1027 1028 1029 1030 1031 1032 1033 1034 1035 1036 1037 1038 1039 
40 1080 1081 1082 1083 1084 1085 1086 1087 1088 1089 1090 1091 1092 1093 1094 1095 1096 1097 1098 1099 1100 1101 1102 1103 1104 1105 1106 1107 1108 1109 1110 1111 1112 1113 1114 1115 1116 1117 1118 1119 
40 1160 1161 1162 1163 1164 1165 1166 1167 1168 1169 1170 1171 1172 1173 1174 1175 1176 1177 1178 1179 1180 1181 1182 1183 1184 1185 1186 1187 1188 1189 1190 1191 1192 1193 1194 1195 1196 1197 1198 1199 
40 1240 1241 1242 1243 1244 1245 1246 1247 1248 1249 1250 1251 1252 1253 1254 1255 1256 1257 1258 1259 1260 1261 1262 1263 1264 1265 1266 1267 1268 1269 1270 1271 1272 1273 1274 1275 1276 1277 1278 1279 
40 1320 1321 1322 1323 1324 1325 1326 1327 1328 1329 1330 1331 1332 1333 1334 1335 1336 1337 1338 1339 1340 1341 1342 1343 1344 1345 1346 1347 1348 1349 1350 1351 1352 1353 1354 1355 1356 1357 1358 1359 
40 1400 1401 1402 1403 1404 1405 1406 1407 1408 1409 1410 1411 1412 1413 1414 1415 1416 1417 1418 1419 1420 1421 1422 1423 1424 1425 1426 1427 1428 1429 1430 1431 1432 1433 1434 1435 1436 1437 1438 1439 
40 1480 1481 1482 1483 1484 1485 1486 1487 1488 1489 1490 1491 1492 1493 1494 1495 1496 1497 1498 1499 1500 1501 1502 1503 1504 1505 1506 1507 1508 1509 1510 1511 1512 1513 1514 1515 1516 1517 1518 1519 
40 1560 1561 1562 1563 1564 1565 1566 1567 1568 1569 1570 1571 1572 1573 1574 1575 1576 1577 1578 1579 1580 1581 1582 1583 1584 1585 1586 1587 1588 1589 1590 1591 1592 1593 1594 1595 1596 1597 1598 1599 
40 0 40 80 120 160 200 240 280 320 360 400 440 480 520 560 600 640 680 720 760 800 840 880 920 960 1000 1040 1080 1120 1160 1200 1240 1280 1320 1360 1400 1440 1480 1520 1560 
40 1 41 81 121 161 201 241 281 321 361 401 441 481 521 561 601 641 681 721 761 801 841 881 921 961 1001 1041 1081 1121 1161 1201 1241 1281 1321 1361 1401 1441 1481 1521 1561 
40 3 43 83 123 163 203 243 283 323 363 403 443 483 523 563 603 643 683 723 763 803 843 883 923 963 1003 1043 1083 1123 1163 1203 1243 1283 1323 1363 1403 1443 1483 1523 1563 
40 5 45 85 125 165 205 245 285 325 365 405 445 485 525 565 605 645 685 725 765 805 845 885 925 965 1005 1045 1085 1125 1165 1205 1245 1285 1325 1365 1405 1445 1485 1525 1565 
40 7 47 87 127 167 207 247 287 327 367 407 447 487 527 567 607 647 687 727 767 807 847 887 927 967 1007 1047 1087 1127 1167 1207 1247 1287 1327 1367 1407 1447 1487 1527 1567 
40 9 49 89 129 169 209 249 289 329 369 409 449 489 529 569 609 649 689 729 769 809 849 889 929 969 1009 1049 1089 1129 1169 1209 1249 1289 1329 1369 1409 1449 1489 1529 1569 
40 11 51 91 131 171 211 251 291 331 371 411 451 491 531 571 611 651 691 731 771 811 851 891 931 971 1011 1051 1091 1131 1171 1211 1251 1291 1331 1371 1411 1451 1491 1531 1571 
40 13 53 93 133 173 213 253 293 333 373 413 453 493 533 573 613 653 693 733 773 813 853 893 933 973 1013 1053 1093 1133 1173 1213 1253 1293 1333 1373 1413 1453 1493 1533 1573 
40 15 55 95 135 175 215 255 295 335 375 415 455 495 535 575 615 655 695 735 775 815 855 895 935 975 1015 1055 1095 1135 1175 1215 1255 1295 1335 1375 1415 1455 1495 1535 1575 
40 17 57 97 137 177 217 257 297 337 377 417 457 497 537 577 617 657 697 737 777 817 857 897 937 977 1017 1057 1097 1137 1177 1217 1257 1297 1337 1377 1417 1457 1497 1537 1577 
40 19 59 99 139 179 219 259 299 339 379 419 459 499 539 579 619 659 699 739 779 819 859 899 939 979 1019 1059 1099 1139 1179 1219 1259 1299 1339 1379 1419 1459 1499 1539 1579 
40 21 61 101 141 181 221 261 301 341 381 421 461 501 541 581 621 661 701 741 781 821 861 901 941 981 1021 1061 1101 1141 1181 1221 1261 1301 1341 1381 1421 1461 1501 1541 1581 
40 23 63 103 143 183 223 263 303 343 383 423 463 503 543 583 623 663 703 743 783 823 863 903 943 983 1023 1063 1103 1143 1183 1223 1263 1303 1343 1383 1423 1463 1503 1543 1583 
40 25 65 105 145 185 225 265 305 345 385 425 465 505 545 585 625 665 705 745 785 825 865 905 945 985 1025 1065 1105 1145 1185 1225 1265 1305 1345 1385 1425 1465 1505 1545 1585 
40 27 67 107 147 187 227 267 307 347 387 427 467 507 547 587 627 667 707 747 787 827 867 907 947 987 1027 1067 1107 1147 1187 1227 1267 1307 1347 1387 1427 1467 1507 1547 1587 
40 29 69 109 149 189 229 269 309 349 389 429 469 509 549 589 629 669 709 749 789 829 869 909 949 989 1029 1069 1109 1149 1189 1229 1269 1309 1349 1389 1429 1469 1509 1549 1589 
40 31 71 111 151 191 231 271 311 351 391 431 471 511 551 591 631 671 711 751 791 831 871 911 951 991 1031 1071 1111 1151 1191 1231 1271 1311 1351 1391 1431 1471 1511 1551 1591 
40 33 73 113 153 193 233 273 313 353 393 433 473 513 553 593 633 673 713 753 793 833 873 913 953 993 1033 1073 1113 1153 1193 1233 1273 1313 1353 1393 1433 1473 1513 1553 1593 
40 35 75 115 155 195 235 275 315 355 395 435 475 515 555 595 635 675 715 755 795 835 875 915 955 995 1035 1075 1115 1155 1195 1235 1275 1315 1355 1395 1435 1475 1515 1555 1595 
40 37 77 117 157 197 237 277 317 357 397 437 477 517 557 597 637 677 717 757 797 837 877 917 957 997 1037 1077 1117 1157 1197 1237 1277 1317 1357 1397 1437 1477 1517 1557 1597 
40 39 79 119 159 199 239 279 319 359 399 439 479 519 559 599 639 679 719 759 799 839 879 919 959 999 1039 1079 1119 1159 1199 1239 1279 1319 1359 1399 1439 1479 1519 1559 1599 

