# vtk DataFile Version 1.0
vtk output
ASCII
DATASET POLYDATA
POINTS 1600 float
-0.994976 -0.031275 -0.989915 -0.901943 0.013873 -1.005777 
-0.808777 0.058376 -1.012601 -0.716952 0.101489 -1.012786 
-0.627942 0.142470 -1.008732 -0.543221 0.180573 -1.002837 
-0.464227 0.215069 -0.997467 -0.391195 0.245628 -0.993834 
-0.322911 0.272409 -0.991765 -0.258076 0.295598 -0.991005 
-0.195388 0.315382 -0.991297 -0.133550 0.331947 -0.992387 
-0.071488 0.345482 -0.994005 -0.009550 0.356172 -0.995803 
0.051382 0.364205 -0.997401 0.110420 0.369769 -0.998420 
0.166680 0.373049 -0.998481 0.219283 0.374234 -0.997208 
0.267935 0.373464 -0.994584 0.313372 0.370803 -0.991223 
0.356437 0.366307 -0.987804 0.397971 0.360031 -0.985004 
0.438816 0.352030 -0.983501 0.479723 0.342369 -0.983894 
0.520561 0.331204 -0.986000 0.560696 0.318743 -0.989191 
0.599487 0.305194 -0.992835 0.636294 0.290767 -0.996300 
0.670480 0.275669 -0.998953 0.701826 0.259914 -1.000406 
0.731230 0.243004 -1.000901 0.759764 0.224358 -1.000786 
0.788503 0.203396 -1.000406 0.818523 0.179537 -1.000110 
0.850798 0.152276 -1.000213 0.884631 0.122374 -1.000533 
0.917938 0.091643 -1.000468 0.948593 0.061928 -0.999406 
0.974470 0.035072 -0.996736 0.993442 0.012919 -0.991845 
-0.989435 -0.019826 -0.938611 -0.886035 0.023312 -0.949938 
-0.791470 0.069463 -0.952663 -0.703925 0.116565 -0.949558 
-0.621584 0.162556 -0.943396 -0.542630 0.205371 -0.936950 
-0.465281 0.242987 -0.932940 -0.388851 0.274661 -0.932413 
-0.313977 0.301193 -0.934390 -0.241375 0.323476 -0.937777 
-0.171761 0.342403 -0.941476 -0.105852 0.358866 -0.944390 
-0.044213 0.373625 -0.945592 0.013515 0.386613 -0.945194 
0.068043 0.397449 -0.943706 0.120084 0.405752 -0.941636 
0.170349 0.411140 -0.939496 0.219547 0.413236 -0.937792 
0.268008 0.411984 -0.936814 0.315399 0.407891 -0.936468 
0.361321 0.401525 -0.936621 0.405372 0.393453 -0.937137 
0.447152 0.384241 -0.937886 0.486322 0.374412 -0.938746 
0.523128 0.364051 -0.939735 0.558156 0.352995 -0.940947 
0.591991 0.341077 -0.942479 0.625222 0.328132 -0.944426 
0.658434 0.313994 -0.946883 0.691997 0.298385 -0.949760 
0.725703 0.280734 -0.952483 0.759253 0.260422 -0.954395 
0.792349 0.236832 -0.954844 0.824691 0.209345 -0.953175 
0.855995 0.177461 -0.948816 0.886226 0.142687 -0.942597 
0.915556 0.108192 -0.936511 0.944165 0.077197 -0.932583 
0.972230 0.052920 -0.932842 0.999930 0.038582 -0.939314 
-0.978794 -0.011001 -0.882584 -0.871246 0.032759 -0.890823 
-0.776631 0.080001 -0.891494 -0.691638 0.128522 -0.887271 
-0.612957 0.176120 -0.880825 -0.537275 0.220592 -0.874830 
-0.461347 0.259777 -0.871905 -0.384052 0.292873 -0.872915 
-0.306839 0.320718 -0.876614 -0.231304 0.344246 -0.881627 
-0.159047 0.364394 -0.886582 -0.091667 0.382094 -0.890104 
-0.030449 0.398141 -0.891058 0.025259 0.412446 -0.889772 
0.076844 0.424587 -0.887133 0.125697 0.434141 -0.884030 
0.173207 0.440683 -0.881350 0.220756 0.443794 -0.879976 
0.268942 0.443386 -0.880304 0.316982 0.439959 -0.881871 
0.363953 0.434068 -0.884129 0.408934 0.426271 -0.886529 
0.451001 0.417126 -0.888520 0.489354 0.407149 -0.889617 
0.524399 0.396455 -0.889941 0.557221 0.384932 -0.889962 
0.588918 0.372464 -0.890153 0.620585 0.358938 -0.890985 
0.653317 0.344236 -0.892933 0.687726 0.328096 -0.896098 
0.723157 0.309866 -0.899619 0.758749 0.288828 -0.902478 
0.793644 0.264269 -0.903653 0.826980 0.235473 -0.902127 
0.857957 0.201855 -0.896994 0.886762 0.165041 -0.889280 
0.914403 0.128489 -0.881608 0.941915 0.095711 -0.876652 
0.970331 0.070222 -0.877084 1.000684 0.055534 -0.885576 
-0.965058 -0.004503 -0.823548 -0.857933 0.041613 -0.829858 
-0.764272 0.089577 -0.829990 -0.680576 0.137823 -0.826194 
-0.603342 0.184784 -0.820724 -0.529069 0.228895 -0.815830 
-0.454325 0.268617 -0.813720 -0.377915 0.303324 -0.815082 
-0.301350 0.333495 -0.818784 -0.226297 0.359672 -0.823580 
-0.154427 0.382397 -0.828228 -0.087409 0.402213 -0.831483 
-0.026588 0.419592 -0.832325 0.028683 0.434576 -0.831116 
0.079815 0.447042 -0.828743 0.128217 0.456864 -0.826092 
0.175299 0.463920 -0.824053 0.222464 0.468086 -0.823508 
0.270319 0.469356 -0.824813 0.318078 0.467926 -0.827404 
0.364810 0.464012 -0.830621 0.409585 0.457830 -0.833805 
0.451475 0.449598 -0.836294 0.489673 0.439531 -0.837506 
0.524577 0.427831 -0.837590 0.557274 0.414693 -0.837113 
0.588857 0.400311 -0.836648 0.620418 0.384878 -0.836768 
0.653050 0.368591 -0.838044 0.687366 0.351393 -0.840682 
0.722717 0.332577 -0.843923 0.758254 0.311330 -0.846855 
0.793127 0.286839 -0.848563 0.826484 0.258291 -0.848136 
0.857529 0.224990 -0.844746 0.886383 0.188232 -0.839048 
0.913930 0.150962 -0.832918 0.941074 0.116174 -0.828272 
0.968720 0.086864 -0.827027 0.997774 0.066027 -0.831097 
-0.950231 -0.000036 -0.763219 -0.846452 0.049271 -0.768471 
-0.754409 0.097779 -0.769043 -0.671224 0.144932 -0.766598 
-0.594022 0.190170 -0.762797 -0.519927 0.232938 -0.759303 
-0.446116 0.272683 -0.757744 -0.371555 0.309073 -0.758655 
-0.297363 0.342035 -0.761248 -0.224790 0.371515 -0.764660 
-0.155084 0.397456 -0.768026 -0.089493 0.419804 -0.770481 
-0.029025 0.438542 -0.771319 0.026790 0.453908 -0.770810 
0.078988 0.466235 -0.769595 0.128603 0.475853 -0.768316 
0.176671 0.483097 -0.767618 0.224222 0.488296 -0.768137 
0.271722 0.491577 -0.770105 0.318645 0.492712 -0.773041 
0.364365 0.491434 -0.776388 0.408256 0.487477 -0.779592 
0.449690 0.480575 -0.782097 0.488126 0.470516 -0.783410 
0.523868 0.457599 -0.783649 0.557696 0.442418 -0.783276 
0.590396 0.425569 -0.782759 0.622754 0.407649 -0.782565 
0.655556 0.389253 -0.783161 0.689267 0.370618 -0.784774 
0.723510 0.351045 -0.787005 0.757771 0.329681 -0.789349 
0.791538 0.305672 -0.791305 0.824296 0.278165 -0.792370 
0.855558 0.246396 -0.792068 0.885237 0.211053 -0.790366 
0.913587 0.174038 -0.787596 0.940868 0.137285 -0.784105 
0.967343 0.102732 -0.780238 0.993273 0.072314 -0.776339 
-0.936317 0.002698 -0.703310 -0.837161 0.055131 -0.708087 
-0.747054 0.104196 -0.709549 -0.664068 0.150313 -0.708751 
-0.586279 0.193900 -0.706749 -0.511761 0.235379 -0.704600 
-0.438620 0.275154 -0.703338 -0.366086 0.313177 -0.703373 
-0.294733 0.348849 -0.704356 -0.225219 0.381538 -0.705893 
-0.158200 0.410616 -0.707590 -0.094333 0.435449 -0.709055 
-0.034151 0.455554 -0.709964 0.022582 0.471347 -0.710433 
0.076394 0.483588 -0.710749 0.127813 0.493038 -0.711194 
0.177368 0.500458 -0.712055 0.225583 0.506603 -0.713612 
0.272733 0.511733 -0.715941 0.318643 0.515236 -0.718753 
0.363096 0.516411 -0.721720 0.405874 0.514556 -0.724518 
0.446758 0.508972 -0.726818 0.485567 0.499056 -0.728329 
0.522477 0.485175 -0.729090 0.557869 0.468246 -0.729329 
0.592125 0.449195 -0.729277 0.625627 0.428944 -0.729166 
0.658758 0.408417 -0.729225 0.691783 0.388118 -0.729639 
0.724661 0.367448 -0.730476 0.757302 0.345634 -0.731784 
0.789616 0.321898 -0.733609 0.821512 0.295465 -0.736000 
0.852889 0.265602 -0.738957 0.883469 0.232299 -0.741700 
0.912825 0.196145 -0.742800 0.940528 0.157747 -0.740810 
0.966148 0.117712 -0.734281 0.989253 0.076647 -0.721764 
-0.925284 0.003996 -0.645508 -0.830404 0.058612 -0.650106 
-0.742213 0.108433 -0.652381 -0.659578 0.154430 -0.652914 
-0.581366 0.197573 -0.652286 -0.506446 0.238832 -0.651079 
-0.433702 0.279153 -0.649868 -0.362601 0.318643 -0.648980 
-0.293310 0.356405 -0.648449 -0.226041 0.391478 -0.648287 
-0.161002 0.422905 -0.648509 -0.098404 0.449725 -0.649128 
-0.038420 0.471185 -0.650153 0.019010 0.487783 -0.651545 
0.074031 0.500500 -0.653249 0.126790 0.510315 -0.655211 
0.177434 0.518207 -0.657375 0.226108 0.525149 -0.659686 
0.272942 0.531477 -0.662087 0.318032 0.536402 -0.664516 
0.361472 0.539021 -0.666910 0.403356 0.538430 -0.669204 
0.443779 0.533729 -0.671338 0.482833 0.524129 -0.673247 
0.520607 0.509989 -0.674866 0.557187 0.492315 -0.676132 
0.592657 0.472123 -0.676979 0.627104 0.450426 -0.677342 
0.660612 0.428238 -0.677155 0.693291 0.406194 -0.676512 
0.725311 0.383929 -0.675919 0.756850 0.360918 -0.675950 
0.788089 0.336636 -0.677178 0.819208 0.310559 -0.680177 
0.850358 0.282154 -0.685413 0.881226 0.250788 -0.691546 
0.911111 0.215737 -0.695739 0.939300 0.176279 -0.695106 
0.965082 0.131689 -0.686766 0.987743 0.081243 -0.667834 
-0.917929 0.004173 -0.590539 -0.826155 0.059779 -0.595039 
-0.739655 0.110644 -0.597765 -0.657708 0.157734 -0.599019 
-0.579596 0.202017 -0.599101 -0.504598 0.244459 -0.598311 
-0.432005 0.285999 -0.596950 -0.361439 0.326743 -0.595312 
-0.292922 0.365783 -0.593680 -0.226501 0.402156 -0.592338 
-0.162220 0.434894 -0.591569 -0.100127 0.463032 -0.591656 
-0.040261 0.485804 -0.592823 0.017369 0.503672 -0.594906 
0.072766 0.517567 -0.597599 0.125936 0.528422 -0.600594 
0.176882 0.537168 -0.603585 0.225609 0.544730 -0.606264 
0.272195 0.551443 -0.608492 0.316843 0.556598 -0.610421 
0.359772 0.559383 -0.612231 0.401200 0.558983 -0.614103 
0.441343 0.554585 -0.616220 0.480405 0.545475 -0.618727 
0.518452 0.531914 -0.621447 0.555473 0.514718 -0.624013 
0.591454 0.494709 -0.626058 0.626382 0.472708 -0.627214 
0.660245 0.449538 -0.627114 0.693080 0.425791 -0.625725 
0.725065 0.401457 -0.623889 0.756398 0.376428 -0.622587 
0.787275 0.350598 -0.622805 0.817896 0.323859 -0.625525 
0.848438 0.296049 -0.631585 0.878754 0.266079 -0.639384 
0.908428 0.232089 -0.645299 0.937034 0.192198 -0.645643 
0.964146 0.144524 -0.636730 0.989340 0.087185 -0.614875 
-0.913634 0.003566 -0.537980 -0.823941 0.059481 -0.542323 
-0.738861 0.111647 -0.545144 -0.657795 0.160665 -0.546608 
-0.580145 0.207138 -0.546879 -0.505310 0.251670 -0.546122 
-0.432704 0.294845 -0.544505 -0.362032 0.336658 -0.542313 
-0.293364 0.376393 -0.539974 -0.226789 0.413293 -0.537922 
-0.162394 0.446599 -0.536593 -0.100269 0.475553 -0.536422 
-0.040489 0.499551 -0.537748 0.016955 0.518938 -0.540318 
0.072105 0.534421 -0.543651 0.125002 0.546708 -0.547267 
0.175688 0.556507 -0.550686 0.224206 0.564521 -0.553429 
0.270648 0.571034 -0.555318 0.315198 0.575592 -0.556690 
0.358050 0.577666 -0.557941 0.399395 0.576726 -0.559462 
0.439425 0.572245 -0.561648 0.478326 0.563751 -0.564828 
0.516191 0.551353 -0.568712 0.553066 0.535491 -0.572654 
0.588994 0.516605 -0.576007 0.624018 0.495138 -0.578122 
0.658184 0.471532 -0.578353 0.691532 0.446216 -0.576524 
0.724095 0.419592 -0.573707 0.755907 0.392056 -0.571171 
0.787000 0.364002 -0.570186 0.817405 0.335828 -0.572025 
0.847162 0.307828 -0.577794 0.876412 0.278629 -0.585877 
0.905383 0.245469 -0.592394 0.934304 0.205544 -0.593395 
0.963406 0.156051 -0.584933 0.992917 0.094188 -0.563058 
-0.911694 0.002511 -0.487336 -0.823263 0.058616 -0.491332 
-0.739298 0.112300 -0.493912 -0.659139 0.163658 -0.495197 
-0.582123 0.212784 -0.495304 -0.507588 0.259772 -0.494353 
-0.434884 0.304709 -0.492468 -0.363758 0.347444 -0.489936 
-0.294430 0.387541 -0.487241 -0.227151 0.424546 -0.484879 
-0.162170 0.458003 -0.483346 -0.099738 0.487461 -0.483138 
-0.040060 0.512553 -0.484637 0.016947 0.533476 -0.487526 
0.071470 0.550635 -0.491219 0.123699 0.564438 -0.495132 
0.173824 0.575292 -0.498679 0.222034 0.583602 -0.501279 
0.268475 0.589582 -0.502740 0.313222 0.593113 -0.503558 
0.356342 0.594041 -0.504295 0.397901 0.592210 -0.505515 
0.437967 0.587468 -0.507784 0.476615 0.579668 -0.511576 
0.514003 0.568742 -0.516506 0.550335 0.554669 -0.521700 
0.585815 0.537425 -0.526278 0.620650 0.516989 -0.529359 
0.655044 0.493338 -0.530066 0.689093 0.466679 -0.528090 
0.722603 0.437812 -0.524622 0.755338 0.407634 -0.521099 
0.787058 0.377041 -0.518954 0.817525 0.346931 -0.519622 
0.846540 0.318067 -0.524376 0.874567 0.288949 -0.531761 
0.902620 0.256203 -0.538057 0.931730 0.216398 -0.539478 
0.962927 0.166102 -0.532236 0.997243 0.101883 -0.512543 
-0.911409 0.001346 -0.438114 -0.823619 0.058078 -0.441440 
-0.740429 0.113462 -0.443467 -0.661037 0.167152 -0.444303 
-0.584640 0.218804 -0.444060 -0.510434 0.268072 -0.442846 
-0.437634 0.314613 -0.440777 -0.365993 0.358160 -0.438132 
-0.295912 0.398536 -0.435392 -0.227833 0.435571 -0.433048 
-0.162197 0.469091 -0.431593 -0.099443 0.498927 -0.431518 
-0.039929 0.524939 -0.433197 0.016522 0.547181 -0.436274 
0.070287 0.565784 -0.440117 0.121742 0.580877 -0.444091 
0.171264 0.592589 -0.447564 0.219230 0.601051 -0.449907 
0.265849 0.606418 -0.450936 0.311038 0.608892 -0.451256 
0.354686 0.608679 -0.451549 0.396680 0.605985 -0.452499 
0.436908 0.601017 -0.454788 0.475291 0.593939 -0.458995 
0.512066 0.584517 -0.464674 0.547648 0.572286 -0.470795 
0.582459 0.556779 -0.476322 0.616916 0.537532 -0.480218 
0.651439 0.514078 -0.481450 0.686210 0.486390 -0.479601 
0.720793 0.455592 -0.475883 0.754650 0.422993 -0.471770 
0.787247 0.389904 -0.468738 0.818045 0.357635 -0.468261 
0.846581 0.327339 -0.471664 0.873585 0.297549 -0.477769 
0.900782 0.264619 -0.483323 0.929929 0.224842 -0.485006 
0.962780 0.174506 -0.479501 1.001090 0.109903 -0.463491 
-0.912075 0.000409 -0.389820 -0.824511 0.058763 -0.392022 
-0.741720 0.115988 -0.393202 -0.662790 0.171583 -0.393444 
-0.586806 0.225046 -0.392829 -0.512854 0.275876 -0.391441 
-0.440040 0.323578 -0.389367 -0.368115 0.367862 -0.386853 
-0.297605 0.408686 -0.384337 -0.229083 0.446023 -0.382269 
-0.163121 0.479845 -0.381099 -0.100292 0.510125 -0.381275 
-0.041052 0.536834 -0.383135 0.014860 0.559948 -0.386308 
0.067979 0.579442 -0.390158 0.118840 0.595289 -0.394049 
0.167981 0.607466 -0.397344 0.215932 0.615948 -0.399409 
0.262945 0.620873 -0.400081 0.308773 0.622658 -0.400018 
0.353121 0.621752 -0.399959 0.395692 0.618600 -0.400646 
0.436189 0.613651 -0.402822 0.474372 0.607276 -0.407114 
0.510558 0.599112 -0.413063 0.545377 0.588376 -0.419584 
0.579464 0.574281 -0.425590 0.613455 0.556040 -0.429991 
0.647982 0.532869 -0.431699 0.683331 0.504557 -0.430238 
0.718866 0.472407 -0.426737 0.753804 0.437966 -0.422585 
0.787362 0.402783 -0.419171 0.818755 0.368405 -0.417886 
0.847293 0.336220 -0.419991 0.873832 0.304938 -0.424638 
0.900514 0.271044 -0.429224 0.929520 0.230957 -0.431093 
0.963030 0.181096 -0.427591 1.003226 0.117879 -0.416061 
-0.913055 0.000003 -0.341980 -0.825497 0.061382 -0.342512 
-0.742717 0.120536 -0.342588 -0.663813 0.177258 -0.342202 
-0.587881 0.231342 -0.341344 -0.514019 0.282583 -0.340005 
-0.441342 0.330775 -0.338183 -0.369606 0.375754 -0.336048 
-0.299335 0.417398 -0.333982 -0.231102 0.455591 -0.332376 
-0.165476 0.490217 -0.331626 -0.103030 0.521159 -0.332123 
-0.044210 0.548314 -0.334155 0.011297 0.571671 -0.337364 
0.064096 0.591252 -0.341143 0.114790 0.607080 -0.344886 
0.163985 0.619178 -0.347984 0.212281 0.627570 -0.349837 
0.259923 0.632437 -0.350296 0.306532 0.634234 -0.350011 
0.351664 0.633442 -0.349713 0.394877 0.630546 -0.350135 
0.435726 0.626027 -0.352006 0.473844 0.620285 -0.355952 
0.509609 0.612895 -0.361553 0.543823 0.602965 -0.367796 
0.577290 0.589596 -0.373662 0.610818 0.571892 -0.378130 
0.645212 0.548955 -0.380182 0.680853 0.520491 -0.379343 
0.717008 0.487785 -0.376564 0.752767 0.452377 -0.373029 
0.787218 0.415806 -0.369921 0.819448 0.379615 -0.368423 
0.848641 0.345201 -0.369621 0.875564 0.311585 -0.372986 
0.902304 0.275815 -0.376649 0.930986 0.234877 -0.378699 
0.963733 0.185758 -0.377226 1.002672 0.125446 -0.370318 
-0.914123 0.000227 -0.294230 -0.826505 0.065505 -0.292715 
-0.743471 0.126514 -0.291549 -0.664248 0.183678 -0.290573 
-0.588063 0.237420 -0.289630 -0.514140 0.288162 -0.288562 
-0.441724 0.336316 -0.287217 -0.370586 0.381945 -0.285657 
-0.301137 0.424686 -0.284198 -0.233825 0.464155 -0.283174 
-0.169101 0.499965 -0.282918 -0.107413 0.531729 -0.283761 
-0.049101 0.559128 -0.285945 0.006164 0.582238 -0.289136 
0.058967 0.601291 -0.292784 0.109893 0.616517 -0.296337 
0.159528 0.628147 -0.299245 0.208453 0.636413 -0.300962 
0.256867 0.641584 -0.301352 0.304299 0.643998 -0.301007 
0.350209 0.644001 -0.300592 0.394056 0.641938 -0.300772 
0.435301 0.638152 -0.302211 0.473492 0.632919 -0.305484 
0.509047 0.625817 -0.310255 0.542878 0.616030 -0.315678 
0.575904 0.602735 -0.320899 0.609040 0.585111 -0.325064 
0.643206 0.562340 -0.327321 0.678863 0.534128 -0.327247 
0.715285 0.501574 -0.325552 0.751553 0.465998 -0.323132 
0.786748 0.428723 -0.320879 0.819949 0.391071 -0.319687 
0.850318 0.354255 -0.320385 0.878359 0.317698 -0.322733 
0.905694 0.279331 -0.325599 0.933975 0.237040 -0.327824 
0.964858 0.188713 -0.328253 0.999996 0.132236 -0.325725 
-0.915205 0.001100 -0.246254 -0.827600 0.070264 -0.242582 
-0.744223 0.132858 -0.240181 -0.664511 0.190040 -0.238710 
-0.587900 0.242968 -0.237829 -0.513824 0.292799 -0.237197 
-0.441731 0.340668 -0.236480 -0.371421 0.386891 -0.235612 
-0.303121 0.430799 -0.234846 -0.237086 0.471667 -0.234456 
-0.173567 0.508770 -0.234713 -0.112818 0.541380 -0.235891 
-0.055013 0.568900 -0.238182 0.000164 0.591537 -0.241297 
0.053215 0.609799 -0.244758 0.104643 0.624196 -0.248087 
0.154951 0.635238 -0.250809 0.204637 0.643435 -0.252451 
0.253831 0.649160 -0.252890 0.302013 0.652547 -0.252625 
0.348600 0.653707 -0.252217 0.393005 0.652750 -0.252226 
0.434644 0.649787 -0.253215 0.473026 0.644884 -0.255669 
0.508584 0.637670 -0.259367 0.542281 0.627528 -0.263676 
0.575082 0.613835 -0.267965 0.607955 0.595971 -0.271598 
0.641864 0.573316 -0.273941 0.677332 0.545640 -0.274660 
0.713719 0.513741 -0.274199 0.750194 0.478586 -0.273128 
0.785929 0.441137 -0.272021 0.820094 0.402361 -0.271449 
0.851915 0.363159 -0.271950 0.881535 0.323384 -0.273527 
0.909859 0.282014 -0.275731 0.937818 0.238005 -0.278104 
0.966339 0.190310 -0.280185 0.996352 0.137882 -0.281515 
-0.916229 0.002641 -0.197733 -0.828849 0.074793 -0.192059 
-0.745217 0.138501 -0.188580 -0.665021 0.195537 -0.186765 
-0.587946 0.247673 -0.186079 -0.513678 0.296682 -0.185992 
-0.441908 0.344299 -0.185981 -0.372477 0.391047 -0.185847 
-0.305402 0.435984 -0.185786 -0.240714 0.478083 -0.186014 
-0.178444 0.516315 -0.186749 -0.118620 0.549653 -0.188209 
-0.061231 0.577257 -0.190547 -0.005996 0.599455 -0.193522 
0.047466 0.617016 -0.196743 0.099536 0.630714 -0.199819 
0.150595 0.641319 -0.202357 0.201021 0.649599 -0.203970 
0.250866 0.656014 -0.204550 0.299613 0.660475 -0.204485 
0.346683 0.662837 -0.204211 0.391499 0.662957 -0.204168 
0.433483 0.660691 -0.204791 0.472153 0.655883 -0.206469 
0.507933 0.648245 -0.209084 0.541767 0.637417 -0.212236 
0.574605 0.623037 -0.215521 0.607395 0.604744 -0.218534 
0.641087 0.582178 -0.220871 0.676231 0.555199 -0.222294 
0.712330 0.524257 -0.222999 0.748722 0.489894 -0.223255 
0.784740 0.452653 -0.223326 0.819720 0.413076 -0.223481 
0.853021 0.371690 -0.223983 0.884407 0.328751 -0.225017 
0.913978 0.284289 -0.226706 0.941844 0.238331 -0.229173 
0.968114 0.190899 -0.232538 0.992897 0.142019 -0.236923 
-0.917122 0.004869 -0.148348 -0.830318 0.078226 -0.141095 
-0.746695 0.142378 -0.136845 -0.666193 0.199364 -0.134889 
-0.588751 0.251224 -0.134521 -0.514308 0.299996 -0.135034 
-0.442801 0.347678 -0.135730 -0.374119 0.394870 -0.136296 
-0.308091 0.440489 -0.136876 -0.244544 0.483355 -0.137642 
-0.183304 0.522283 -0.138764 -0.124196 0.556093 -0.140415 
-0.067041 0.583824 -0.142718 -0.011609 0.605879 -0.145486 
0.042344 0.623185 -0.148419 0.095066 0.636668 -0.151214 
0.146802 0.647254 -0.153570 0.197794 0.655866 -0.155186 
0.248028 0.662994 -0.155973 0.297036 0.668376 -0.156205 
0.344302 0.671669 -0.156198 0.389311 0.672532 -0.156264 
0.431548 0.670626 -0.156717 0.470582 0.665621 -0.157840 
0.506805 0.657333 -0.159604 0.541072 0.645654 -0.161803 
0.574248 0.630479 -0.164230 0.607195 0.611703 -0.166676 
0.640776 0.589219 -0.168936 0.675528 0.562980 -0.170859 
0.711142 0.533091 -0.172452 0.747168 0.499679 -0.173746 
0.783157 0.462874 -0.174770 0.818661 0.422804 -0.175556 
0.853226 0.379623 -0.176148 0.886294 0.333906 -0.176851 
0.917227 0.286579 -0.178183 0.945383 0.238575 -0.180666 
0.970118 0.190830 -0.184825 0.990790 0.144279 -0.191183 
-0.917814 0.007800 -0.097786 -0.832074 0.079700 -0.089641 
-0.748898 0.143430 -0.085072 -0.668444 0.200722 -0.083237 
-0.590866 0.253311 -0.083295 -0.516319 0.302928 -0.084405 
-0.444952 0.351269 -0.085739 -0.376711 0.398811 -0.086893 
-0.311301 0.444561 -0.087978 -0.248407 0.487438 -0.089133 
-0.187720 0.526361 -0.090497 -0.128926 0.560249 -0.092210 
-0.071734 0.588229 -0.094376 -0.015975 0.610699 -0.096866 
0.038471 0.628545 -0.099466 0.091726 0.642651 -0.101960 
0.143910 0.653906 -0.104132 0.195143 0.663188 -0.105769 
0.245369 0.670942 -0.106800 0.294222 0.676840 -0.107408 
0.341304 0.680478 -0.107800 0.386219 0.681450 -0.108185 
0.428570 0.679350 -0.108769 0.468026 0.673804 -0.109744 
0.504914 0.664727 -0.111122 0.539935 0.652199 -0.112819 
0.573792 0.636303 -0.114748 0.607189 0.617120 -0.116822 
0.640830 0.594734 -0.118956 0.675195 0.569156 -0.121061 
0.710174 0.540211 -0.123051 0.745564 0.507696 -0.124837 
0.781160 0.471405 -0.126331 0.816758 0.431136 -0.127445 
0.852123 0.386736 -0.128115 0.886518 0.338958 -0.128682 
0.918789 0.289302 -0.129821 0.947768 0.239292 -0.132219 
0.972286 0.190451 -0.136562 0.991177 0.144303 -0.143535 
-0.918388 0.011223 -0.046046 -0.834182 0.078886 -0.037826 
-0.751931 0.141353 -0.033446 -0.671943 0.199423 -0.031989 
-0.594524 0.253899 -0.032541 -0.519982 0.305583 -0.034187 
-0.448614 0.355257 -0.036026 -0.380429 0.403054 -0.037606 
-0.315089 0.448328 -0.039018 -0.252233 0.490386 -0.040383 
-0.191501 0.528534 -0.041826 -0.132533 0.562079 -0.043467 
-0.075004 0.590465 -0.045404 -0.018808 0.613989 -0.047561 
0.036078 0.633272 -0.049801 0.089678 0.648937 -0.051987 
0.142015 0.661606 -0.053979 0.193110 0.671897 -0.055641 
0.242900 0.680114 -0.056927 0.291168 0.686010 -0.057953 
0.337684 0.689280 -0.058849 0.382217 0.689618 -0.059748 
0.424534 0.686720 -0.060782 0.464448 0.680309 -0.062069 
0.502197 0.670393 -0.063616 0.538259 0.657136 -0.065363 
0.573118 0.640708 -0.067250 0.607255 0.621276 -0.069214 
0.641152 0.599009 -0.071197 0.675183 0.573930 -0.073136 
0.709442 0.545687 -0.074960 0.743976 0.513867 -0.076599 
0.778832 0.478056 -0.077984 0.814056 0.437839 -0.079043 
0.849653 0.392870 -0.079728 0.884873 0.343912 -0.080334 
0.918348 0.292648 -0.081447 0.948687 0.240791 -0.083660 
0.974503 0.190053 -0.087567 0.994406 0.142146 -0.093761 
-0.919195 0.014523 0.006318 -0.836705 0.076393 0.013905 
-0.755655 0.137169 0.017700 -0.676428 0.196350 0.018623 
-0.599411 0.253437 0.017596 -0.524988 0.307928 0.015543 
-0.453535 0.359328 0.013370 -0.385116 0.407303 0.011537 
-0.319422 0.451713 0.009961 -0.256118 0.492429 0.008529 
-0.194872 0.529323 0.007126 -0.135351 0.562265 0.005636 
-0.077262 0.591164 0.003965 -0.020557 0.616148 0.002142 
0.034716 0.637433 0.000241 0.088510 0.655231 -0.001662 
0.140780 0.669757 -0.003492 0.191477 0.681224 -0.005175 
0.240557 0.689743 -0.006691 0.287977 0.695244 -0.008115 
0.333698 0.697638 -0.009532 0.377676 0.696837 -0.011029 
0.419872 0.692753 -0.012690 0.460259 0.685313 -0.014590 
0.498973 0.674596 -0.016688 0.536242 0.660771 -0.018879 
0.572291 0.644003 -0.021057 0.607349 0.624462 -0.023116 
0.641642 0.602314 -0.024949 0.675415 0.577559 -0.026490 
0.708947 0.549760 -0.027766 0.742525 0.518405 -0.028823 
0.776438 0.482987 -0.029707 0.810973 0.442994 -0.030462 
0.846365 0.397983 -0.031141 0.881982 0.348599 -0.031941 
0.916471 0.296392 -0.033171 0.948456 0.242940 -0.035146 
0.976563 0.189819 -0.038182 0.999417 0.138609 -0.042594 
-0.920617 0.017045 0.058693 -0.839708 0.072922 0.065078 
-0.759907 0.132035 0.068015 -0.681594 0.192498 0.068362 
-0.605154 0.252420 0.066974 -0.530967 0.309914 0.064709 
-0.459410 0.363121 0.062410 -0.390582 0.411216 0.060501 
-0.324253 0.454616 0.058905 -0.260175 0.493813 0.057511 
-0.198098 0.529299 0.056209 -0.137774 0.561565 0.054890 
-0.078987 0.591024 0.053460 -0.021745 0.617612 0.051914 
0.033865 0.641081 0.050285 0.087751 0.661182 0.048604 
0.139827 0.677668 0.046902 0.190002 0.690291 0.045210 
0.238269 0.698953 0.043526 0.284761 0.703816 0.041787 
0.329625 0.705066 0.039925 0.373009 0.702893 0.037872 
0.415060 0.697483 0.035559 0.455914 0.689020 0.032934 
0.495606 0.677636 0.030102 0.534107 0.663431 0.027257 
0.571392 0.646509 0.024595 0.607433 0.626971 0.022311 
0.642204 0.604920 0.020599 0.675808 0.580306 0.019553 
0.708687 0.552686 0.019003 0.741340 0.521552 0.018732 
0.774265 0.486396 0.018526 0.807961 0.446711 0.018169 
0.842873 0.402042 0.017457 0.878553 0.352832 0.016333 
0.913815 0.300269 0.014866 0.947451 0.245563 0.013128 
0.978251 0.189924 0.011194 1.005007 0.134563 0.009134 
-0.923031 0.018136 0.110470 -0.843254 0.069175 0.115215 
-0.764525 0.127109 0.117151 -0.687137 0.188859 0.116992 
-0.611381 0.251346 0.115449 -0.537552 0.311492 0.113236 
-0.465935 0.366272 0.111054 -0.396635 0.414449 0.109253 
-0.329539 0.456938 0.107758 -0.264518 0.494785 0.106465 
-0.201446 0.529035 0.105276 -0.140195 0.560732 0.104087 
-0.080662 0.590742 0.102810 -0.022894 0.618813 0.101429 
0.033004 0.644271 0.099956 0.086929 0.666440 0.098401 
0.138777 0.684647 0.096778 0.188443 0.698218 0.095098 
0.235967 0.706871 0.093341 0.281632 0.711002 0.091433 
0.325749 0.711081 0.089297 0.368626 0.707573 0.086852 
0.410575 0.700947 0.084019 0.451870 0.691640 0.080742 
0.492454 0.679808 0.077192 0.532082 0.665445 0.073668 
0.570504 0.648544 0.070470 0.607473 0.629098 0.067900 
0.642739 0.607098 0.066257 0.676281 0.582434 0.065671 
0.708663 0.554726 0.065819 0.740548 0.523550 0.066306 
0.772598 0.488483 0.066737 0.805474 0.449101 0.066718 
0.839787 0.405014 0.065881 0.875293 0.356423 0.064321 
0.911039 0.304013 0.062521 0.946050 0.248485 0.060971 
0.979352 0.190541 0.060164 1.009970 0.130882 0.060592 
-0.926819 0.017138 0.161037 -0.847405 0.065855 0.163840 
-0.769346 0.123546 0.164758 -0.692749 0.186427 0.164275 
-0.617722 0.250712 0.162877 -0.544372 0.312616 0.161047 
-0.472805 0.368420 0.159264 -0.403086 0.416658 0.157759 
-0.335234 0.458579 0.156465 -0.269260 0.495591 0.155299 
-0.205181 0.529104 0.154178 -0.143009 0.560525 0.153018 
-0.082767 0.591014 0.151746 -0.024528 0.620183 0.150358 
0.031616 0.647056 0.148875 0.085573 0.670655 0.147319 
0.137250 0.690002 0.145710 0.186557 0.704126 0.144069 
0.233579 0.712621 0.142371 0.278702 0.716081 0.140506 
0.322349 0.715198 0.138358 0.364940 0.710665 0.135810 
0.406893 0.703178 0.132743 0.448581 0.693378 0.129074 
0.489881 0.681412 0.125020 0.530392 0.667142 0.120975 
0.569710 0.650429 0.117333 0.607431 0.631134 0.114489 
0.643150 0.609116 0.112837 0.676752 0.584203 0.112540 
0.708875 0.556136 0.113154 0.740278 0.524641 0.114139 
0.771721 0.489445 0.114953 0.803964 0.450274 0.115053 
0.837720 0.406869 0.113943 0.872910 0.359185 0.111861 
0.908798 0.307359 0.109653 0.944630 0.251531 0.108187 
0.979650 0.191844 0.108330 1.013103 0.128438 0.110948 
-0.932299 0.013505 0.209850 -0.852206 0.063601 0.210559 
-0.774212 0.122379 0.210564 -0.698142 0.186083 0.210040 
-0.623819 0.250953 0.209157 -0.551066 0.313233 0.208090 
-0.479713 0.369233 0.207008 -0.409730 0.417533 0.205984 
-0.341266 0.459444 0.204972 -0.274477 0.496442 0.203921 
-0.209520 0.530003 0.202780 -0.146553 0.561602 0.201496 
-0.085721 0.592446 0.200031 -0.027105 0.622091 0.198418 
0.029243 0.649465 0.196722 0.083268 0.673492 0.195006 
0.134917 0.693098 0.193334 0.184138 0.707216 0.191768 
0.231052 0.715417 0.190288 0.276084 0.718403 0.188729 
0.319691 0.716989 0.186911 0.362329 0.711989 0.184653 
0.404455 0.704218 0.181776 0.446467 0.694425 0.178137 
0.488219 0.682710 0.173972 0.529247 0.668803 0.169729 
0.569088 0.652431 0.165862 0.607277 0.633318 0.162822 
0.643349 0.611193 0.161059 0.677147 0.585831 0.160763 
0.709317 0.557137 0.161430 0.740637 0.525038 0.162445 
0.771882 0.489461 0.163193 0.803830 0.450333 0.163060 
0.837213 0.407571 0.161485 0.872033 0.360930 0.158815 
0.907681 0.310032 0.156154 0.943532 0.254497 0.154625 
0.978960 0.193942 0.155355 1.013339 0.127985 0.159467 
-0.939181 0.007739 0.257028 -0.857503 0.062431 0.255773 
-0.779009 0.123402 0.255066 -0.703171 0.187581 0.254737 
-0.629461 0.251896 0.254618 -0.557351 0.313277 0.254539 
-0.486323 0.368710 0.254335 -0.416216 0.417061 0.253905 
-0.347296 0.459463 0.253227 -0.279857 0.497185 0.252288 
-0.214191 0.531496 0.251071 -0.150591 0.563663 0.249562 
-0.089318 0.594720 0.247759 -0.030438 0.624245 0.245759 
0.026057 0.651260 0.243693 0.080177 0.674789 0.241695 
0.131929 0.693854 0.239897 0.181325 0.707484 0.238429 
0.228514 0.715321 0.237290 0.273889 0.718081 0.236242 
0.317871 0.716591 0.235027 0.360877 0.711678 0.233383 
0.403328 0.704168 0.231052 0.445591 0.694815 0.227817 
0.487525 0.683644 0.223899 0.528700 0.670271 0.219765 
0.568685 0.654304 0.215887 0.607045 0.635352 0.212735 
0.643350 0.613027 0.210779 0.677450 0.587069 0.210221 
0.709942 0.557569 0.210560 0.741542 0.524674 0.211179 
0.772967 0.488531 0.211462 0.804933 0.449285 0.210793 
0.838117 0.407054 0.208614 0.872520 0.361451 0.205347 
0.907582 0.311670 0.202228 0.942725 0.256895 0.200517 
0.977374 0.196308 0.201474 1.010950 0.129092 0.206359 
-0.946832 0.000941 0.303066 -0.863033 0.062012 0.300340 
-0.783647 0.125707 0.299194 -0.707777 0.190040 0.299175 
-0.634522 0.253024 0.299828 -0.562986 0.312670 0.300699 
-0.492285 0.367031 0.301341 -0.422109 0.415403 0.301504 
-0.352833 0.458584 0.301182 -0.284874 0.497464 0.300383 
-0.218646 0.532930 0.299113 -0.154568 0.565870 0.297380 
-0.093001 0.597001 0.295213 -0.033980 0.625979 0.292775 
0.022585 0.652055 0.290283 0.076786 0.674479 0.287951 
0.128713 0.692502 0.285995 0.178459 0.705380 0.284628 
0.226194 0.712877 0.283873 0.272229 0.715654 0.283422 
0.316888 0.714461 0.282930 0.360495 0.710047 0.282053 
0.403375 0.703165 0.280447 0.445812 0.694490 0.277818 
0.487702 0.683969 0.274353 0.528717 0.671133 0.270511 
0.568529 0.655512 0.266756 0.606808 0.636631 0.263551 
0.643226 0.614019 0.261358 0.677682 0.587407 0.260386 
0.710674 0.557058 0.260174 0.742799 0.523322 0.260152 
0.774652 0.486547 0.259751 0.806828 0.447085 0.258401 
0.839887 0.405238 0.255591 0.873790 0.360534 0.251786 
0.908002 0.311859 0.248261 0.941970 0.258078 0.246318 
0.975143 0.198057 0.247255 1.006971 0.130660 0.252372 
-0.954615 -0.005783 0.348463 -0.868530 0.062005 0.345119 
-0.788037 0.128379 0.343885 -0.711899 0.192572 0.344164 
-0.638876 0.253814 0.345360 -0.567730 0.311335 0.346875 
-0.497248 0.364381 0.348119 -0.426977 0.412722 0.348764 
-0.357385 0.456756 0.348787 -0.288997 0.496918 0.348188 
-0.222335 0.533646 0.346966 -0.157922 0.567374 0.345119 
-0.096207 0.598445 0.342677 -0.037177 0.626625 0.339867 
0.019358 0.651461 0.336988 0.073585 0.672496 0.334341 
0.125696 0.689278 0.332226 0.175879 0.701354 0.330941 
0.224322 0.708636 0.330540 0.271214 0.711668 0.330648 
0.316741 0.711057 0.330846 0.361092 0.707413 0.330715 
0.404452 0.701345 0.329836 0.446989 0.693393 0.327843 
0.488650 0.683437 0.324882 0.529261 0.670978 0.321391 
0.568648 0.655515 0.317812 0.606636 0.636547 0.314586 
0.643049 0.613570 0.312153 0.677861 0.586333 0.310724 
0.711440 0.555227 0.309896 0.744214 0.520751 0.309172 
0.776613 0.483405 0.308051 0.809066 0.443687 0.306034 
0.841975 0.402040 0.302677 0.875259 0.357965 0.298462 
0.908439 0.310185 0.294639 0.941024 0.257395 0.292482 
0.972522 0.198295 0.293264 1.002443 0.131581 0.298258 
-0.961892 -0.011325 0.393718 -0.873730 0.062072 0.390973 
-0.792091 0.130503 0.390076 -0.715478 0.194289 0.390517 
-0.642395 0.253746 0.391786 -0.571345 0.309193 0.393371 
-0.500860 0.360943 0.394767 -0.430384 0.409180 0.395665 
-0.360459 0.453924 0.395992 -0.291696 0.495189 0.395688 
-0.224704 0.532986 0.394692 -0.160091 0.567327 0.392947 
-0.098373 0.598209 0.390438 -0.039473 0.625515 0.387432 
0.016907 0.649089 0.384305 0.071067 0.668776 0.381432 
0.123307 0.684418 0.379189 0.173926 0.695861 0.377947 
0.223129 0.703149 0.377791 0.270956 0.706668 0.378300 
0.317431 0.706841 0.379002 0.362577 0.704092 0.379424 
0.406419 0.698845 0.379094 0.448978 0.691467 0.377593 
0.490268 0.681802 0.375033 0.530296 0.669391 0.371829 
0.569071 0.653775 0.368398 0.606600 0.634491 0.365156 
0.642892 0.611080 0.362521 0.678010 0.583332 0.360700 
0.712165 0.551698 0.359352 0.745592 0.516734 0.358046 
0.778525 0.478998 0.356353 0.811199 0.439046 0.353843 
0.843832 0.397379 0.350135 0.876339 0.353530 0.345708 
0.908390 0.306233 0.341749 0.939644 0.254197 0.339467 
0.969764 0.196131 0.340071 0.998410 0.130745 0.344770 
-0.968026 -0.014580 0.439330 -0.878367 0.061875 0.438760 
-0.795718 0.131164 0.438701 -0.718455 0.194301 0.439044 
-0.644954 0.252298 0.439678 -0.573591 0.306166 0.440494 
-0.502771 0.356902 0.441379 -0.431896 0.404940 0.442192 
-0.361563 0.450039 0.442748 -0.292442 0.491917 0.442864 
-0.225203 0.530293 0.442353 -0.160517 0.564885 0.441032 
-0.098938 0.595449 0.438778 -0.040318 0.621978 0.435869 
0.015762 0.644552 0.432732 0.069720 0.663252 0.429793 
0.121974 0.678159 0.427482 0.172941 0.689354 0.426222 
0.222844 0.696964 0.426125 0.271566 0.701198 0.426756 
0.318956 0.702272 0.427623 0.364861 0.700400 0.428233 
0.409132 0.695800 0.428095 0.451637 0.688654 0.426770 
0.492456 0.678817 0.424356 0.531786 0.665960 0.421250 
0.569825 0.649751 0.417857 0.606773 0.629858 0.414579 
0.642829 0.605948 0.411818 0.678148 0.577894 0.409781 
0.712775 0.546095 0.408165 0.746739 0.511041 0.406584 
0.780065 0.473219 0.404650 0.812780 0.433116 0.401978 
0.844910 0.391172 0.398227 0.876446 0.347013 0.393855 
0.907352 0.299590 0.389976 0.937590 0.247834 0.387727 
0.967122 0.190677 0.388243 0.995912 0.127047 0.392661 
-0.972676 -0.014968 0.485729 -0.882301 0.061190 0.488918 
-0.798880 0.129841 0.490170 -0.720817 0.192142 0.490100 
-0.646517 0.249248 0.489327 -0.574382 0.302313 0.488466 
-0.502849 0.352474 0.488121 -0.431346 0.400199 0.488464 
-0.360504 0.445156 0.489149 -0.291024 0.486964 0.489799 
-0.223607 0.525243 0.490035 -0.158955 0.559612 0.489481 
-0.097639 0.589752 0.487846 -0.039428 0.615730 0.485372 
0.016215 0.637756 0.482510 0.069828 0.656042 0.479706 
0.121947 0.670800 0.477409 0.173108 0.682240 0.476064 
0.223553 0.690506 0.475804 0.273017 0.695624 0.476216 
0.321180 0.697605 0.476830 0.367724 0.696463 0.477176 
0.412328 0.692211 0.476784 0.454717 0.684853 0.475239 
0.495028 0.674314 0.472642 0.533631 0.660477 0.469395 
0.570901 0.643219 0.465898 0.607212 0.622423 0.462556 
0.642938 0.597968 0.459770 0.678318 0.569835 0.457748 
0.713239 0.538270 0.456194 0.747528 0.503561 0.454724 
0.781013 0.465996 0.452960 0.813524 0.425864 0.450521 
0.844907 0.383422 0.447069 0.875318 0.338435 0.443029 
0.905168 0.290251 0.439452 0.934879 0.238209 0.437408 
0.964870 0.181647 0.437969 0.995561 0.119903 0.442205 
-0.976278 -0.013285 0.533166 -0.885720 0.060091 0.540774 
-0.801668 0.127046 0.543508 -0.722671 0.188446 0.542852 
-0.647279 0.245157 0.540287 -0.574040 0.298045 0.537298 
-0.501533 0.347961 0.535339 -0.429267 0.395245 0.534968 
-0.357879 0.439620 0.535662 -0.288070 0.480773 0.536832 
-0.220543 0.518390 0.537890 -0.155999 0.552159 0.538247 
-0.094999 0.581823 0.537424 -0.037238 0.607483 0.535602 
0.017924 0.629376 0.533217 0.071125 0.647738 0.530704 
0.123004 0.662805 0.528499 0.174195 0.674813 0.527035 
0.224963 0.683866 0.526456 0.274922 0.689834 0.526404 
0.323621 0.692567 0.526467 0.370607 0.691912 0.526234 
0.415427 0.687718 0.525294 0.457689 0.679850 0.523286 
0.497569 0.668330 0.520331 0.535568 0.653268 0.516830 
0.572189 0.634778 0.513185 0.607938 0.612972 0.509798 
0.643318 0.587962 0.507070 0.678629 0.559845 0.505206 
0.713635 0.528673 0.503898 0.748011 0.494493 0.502752 
0.781433 0.457351 0.501374 0.813577 0.417292 0.499372 
0.844158 0.374355 0.496397 0.873531 0.328429 0.492825 
0.902582 0.279278 0.489642 0.932214 0.226665 0.487846 
0.963329 0.170353 0.488441 0.996831 0.110104 0.492426 
-0.979393 -0.010554 0.581864 -0.888864 0.058703 0.593475 
-0.804194 0.123459 0.597520 -0.724144 0.184026 0.596269 
-0.647475 0.240713 0.591994 -0.572951 0.293829 0.586964 
-0.499356 0.343680 0.583409 -0.426306 0.390381 0.582248 
-0.354412 0.433822 0.582813 -0.284345 0.473880 0.584343 
-0.216775 0.510431 0.586078 -0.152374 0.543352 0.587257 
-0.091668 0.572549 0.587240 -0.034295 0.598115 0.586132 
0.020447 0.620214 0.584323 0.073261 0.639010 0.582201 
0.124848 0.654667 0.580157 0.175906 0.667349 0.578578 
0.226718 0.677079 0.577609 0.276835 0.683641 0.576970 
0.325736 0.686794 0.576335 0.372898 0.686296 0.575382 
0.417797 0.681906 0.573787 0.459979 0.673416 0.571267 
0.499630 0.660934 0.567965 0.537306 0.644751 0.564261 
0.573565 0.625159 0.560538 0.608967 0.602451 0.557179 
0.644070 0.576919 0.554567 0.679199 0.548749 0.552892 
0.714061 0.517850 0.551838 0.748269 0.484085 0.551005 
0.781430 0.447317 0.549994 0.813155 0.407410 0.548406 
0.843105 0.364232 0.545883 0.871803 0.317728 0.542751 
0.900484 0.267907 0.539900 0.930407 0.214782 0.538243 
0.962831 0.158364 0.538687 0.999014 0.098665 0.542143 
-0.982584 -0.007795 0.632044 -0.891974 0.057146 0.646167 
-0.806570 0.119760 0.651007 -0.725361 0.179696 0.649325 
-0.647341 0.236604 0.643881 -0.571500 0.290135 0.637438 
-0.496851 0.339947 0.632709 -0.423108 0.385910 0.630849 
-0.350825 0.428153 0.631130 -0.280610 0.466822 0.632714 
-0.213069 0.502062 0.634763 -0.148808 0.534016 0.636437 
-0.088296 0.562817 0.637019 -0.031149 0.588500 0.636536 
0.023341 0.611070 0.635296 0.075881 0.630528 0.633610 
0.127181 0.646877 0.631788 0.177943 0.660120 0.630138 
0.228462 0.670182 0.628790 0.278310 0.676857 0.627561 
0.326985 0.679925 0.626234 0.373984 0.679165 0.624593 
0.418806 0.674358 0.622422 0.461011 0.665317 0.619540 
0.500759 0.652196 0.616086 0.538555 0.635340 0.612388 
0.574905 0.615095 0.608775 0.610316 0.591809 0.605573 
0.645296 0.565829 0.603112 0.680143 0.537377 0.601545 
0.714616 0.506349 0.600574 0.748383 0.472586 0.599824 
0.781112 0.435930 0.598922 0.812474 0.396225 0.597494 
0.842189 0.353313 0.595202 0.870848 0.307065 0.592312 
0.899764 0.257375 0.589585 0.930271 0.204138 0.587801 
0.963706 0.147248 0.587739 1.001402 0.086599 0.590177 
-0.986411 -0.006030 0.683929 -0.895291 0.055546 0.697999 
-0.808908 0.116627 0.702773 -0.726451 0.176267 0.700989 
-0.647110 0.233518 0.695384 -0.570075 0.287432 0.688696 
-0.494552 0.337078 0.683615 -0.420319 0.382134 0.681315 
-0.347843 0.423004 0.681140 -0.277631 0.460135 0.682325 
-0.210190 0.493977 0.684105 -0.146028 0.524978 0.685714 
-0.085532 0.553514 0.686488 -0.028347 0.579516 0.686387 
0.026162 0.602745 0.685606 0.078634 0.622961 0.684343 
0.129705 0.639927 0.682795 0.180009 0.653402 0.681157 
0.229842 0.663213 0.679526 0.278901 0.669295 0.677826 
0.326825 0.671598 0.675962 0.373253 0.670069 0.673839 
0.417821 0.664656 0.671363 0.460211 0.655323 0.668459 
0.500507 0.642187 0.665237 0.539025 0.625450 0.661916 
0.576083 0.605317 0.658716 0.612000 0.581993 0.655855 
0.647095 0.555681 0.653553 0.681581 0.526557 0.651903 
0.715396 0.494716 0.650665 0.748433 0.460245 0.649549 
0.780586 0.423226 0.648260 0.811750 0.383745 0.646508 
0.841850 0.341859 0.644028 0.871382 0.297173 0.641015 
0.901312 0.248918 0.638050 0.932620 0.196312 0.635723 
0.966285 0.138574 0.634626 1.003289 0.074922 0.635349 
-0.991367 -0.006219 0.737688 -0.899010 0.054007 0.748172 
-0.811287 0.114680 0.751713 -0.727509 0.174472 0.750313 
-0.646984 0.232058 0.745974 -0.569020 0.286111 0.740699 
-0.492939 0.335330 0.736456 -0.418526 0.379311 0.734135 
-0.346121 0.418733 0.733324 -0.276096 0.454335 0.733531 
-0.208827 0.486858 0.734266 -0.144686 0.517043 0.735039 
-0.083957 0.545495 0.735416 -0.026378 0.571986 0.735315 
0.028522 0.595968 0.734786 0.081215 0.616894 0.733879 
0.132173 0.634217 0.732645 0.181864 0.647391 0.731136 
0.230573 0.656157 0.729395 0.278253 0.660755 0.727456 
0.324825 0.661475 0.725351 0.370211 0.658608 0.723111 
0.414332 0.652447 0.720770 0.457112 0.643251 0.718360 
0.498502 0.630990 0.715919 0.538472 0.615469 0.713486 
0.576991 0.596489 0.711104 0.614026 0.573853 0.708813 
0.649548 0.547364 0.706653 0.683609 0.517040 0.704623 
0.716490 0.483466 0.702607 0.748504 0.447320 0.700473 
0.779968 0.409279 0.698088 0.811195 0.370021 0.695319 
0.842493 0.330133 0.692049 0.874039 0.288715 0.688401 
0.905899 0.243625 0.684703 0.938137 0.192686 0.681288 
0.970816 0.133722 0.678490 1.004001 0.064553 0.676641 
-0.996795 -0.008313 0.792612 -0.902578 0.052360 0.796840 
-0.813241 0.113495 0.798282 -0.728132 0.173655 0.797669 
-0.646596 0.231401 0.795728 -0.567978 0.285296 0.793188 
-0.491636 0.333933 0.790768 -0.417306 0.376937 0.788837 
-0.345177 0.415173 0.787347 -0.275467 0.449580 0.786225 
-0.208395 0.481100 0.785397 -0.144177 0.510672 0.784791 
-0.082983 0.539050 0.784328 -0.024690 0.565853 0.783911 
0.030941 0.590264 0.783431 0.084144 0.611464 0.782779 
0.135158 0.628635 0.781850 0.184219 0.640967 0.780534 
0.231583 0.648158 0.778815 0.277537 0.650808 0.776829 
0.322373 0.649607 0.774728 0.366383 0.645248 0.772664 
0.409857 0.638421 0.770792 0.453040 0.629730 0.769242 
0.495730 0.618932 0.767947 0.537468 0.605299 0.766727 
0.577793 0.588098 0.765399 0.616242 0.566596 0.763781 
0.652356 0.540061 0.761691 0.685992 0.508302 0.759012 
0.717843 0.472543 0.755797 0.748740 0.434238 0.752129 
0.779511 0.394842 0.748087 0.810987 0.355809 0.743755 
0.843933 0.318425 0.739212 0.878076 0.281152 0.734532 
0.912271 0.240109 0.729783 0.945352 0.191344 0.725032 
0.976150 0.130903 0.720347 1.003497 0.054835 0.715795 
-1.001079 -0.011425 0.847266 -0.904820 0.050205 0.844942 
-0.813848 0.111790 0.844230 -0.727499 0.172009 0.844527 
-0.645108 0.229539 0.845226 -0.566011 0.283058 0.845723 
-0.489554 0.331274 0.845427 -0.415399 0.373872 0.844151 
-0.343587 0.411715 0.842204 -0.274182 0.445735 0.839922 
-0.207250 0.476867 0.837642 -0.142855 0.506042 0.835700 
-0.081055 0.534005 0.834372 -0.021872 0.560332 0.833559 
0.034689 0.584156 0.833018 0.088621 0.604606 0.832507 
0.139917 0.620814 0.831783 0.188575 0.631918 0.830606 
0.234804 0.637659 0.828903 0.279194 0.638839 0.826896 
0.322371 0.636371 0.824835 0.364963 0.631166 0.822975 
0.407598 0.624136 0.821565 0.450814 0.616069 0.820820 
0.494300 0.606542 0.820569 0.537256 0.594444 0.820424 
0.578879 0.578657 0.819993 0.618365 0.558062 0.818887 
0.654911 0.531542 0.816716 0.688213 0.498760 0.813256 
0.719280 0.461421 0.808726 0.749331 0.421565 0.803414 
0.779588 0.381230 0.797612 0.811270 0.342454 0.791607 
0.845493 0.307045 0.785678 0.881606 0.272954 0.779909 
0.917497 0.234931 0.774222 0.951007 0.187629 0.768536 
0.979978 0.125701 0.762768 1.002252 0.043799 0.756837 
-1.002577 -0.014639 0.900190 -0.904544 0.047135 0.893443 
-0.812173 0.108254 0.891346 -0.724776 0.167693 0.892389 
-0.641669 0.224427 0.895063 -0.562164 0.277434 0.897857 
-0.485584 0.325710 0.899289 -0.411521 0.368960 0.898786 
-0.339896 0.407739 0.896869 -0.270648 0.442655 0.894126 
-0.203716 0.474313 0.891143 -0.139040 0.503322 0.888509 
-0.076586 0.530168 0.886715 -0.016487 0.554613 0.885668 
0.041063 0.576137 0.885052 0.095866 0.594221 0.884551 
0.147728 0.608347 0.883849 0.196457 0.617999 0.882631 
0.242199 0.623080 0.880798 0.285700 0.624228 0.878625 
0.327765 0.622152 0.876430 0.369199 0.617565 0.874526 
0.410809 0.611177 0.873229 0.453296 0.603592 0.872805 
0.496353 0.594351 0.873014 0.539100 0.582393 0.873337 
0.580647 0.566649 0.873249 0.620107 0.546052 0.872225 
0.656593 0.519534 0.869740 0.689751 0.486798 0.865507 
0.720621 0.449562 0.859854 0.750473 0.409872 0.853210 
0.780573 0.369775 0.846005 0.812189 0.331316 0.838669 
0.846478 0.296304 0.831617 0.882711 0.262559 0.825047 
0.918595 0.224590 0.818976 0.951790 0.176807 0.813415 
0.979958 0.113619 0.808374 1.000758 0.029437 0.803865 
-0.999644 -0.017043 0.949926 -0.900555 0.042744 0.943306 
-0.807280 0.101577 0.941417 -0.719132 0.158866 0.942759 
-0.635427 0.214024 0.945834 -0.555480 0.266463 0.949143 
-0.478613 0.315600 0.951213 -0.404386 0.361043 0.951449 
-0.332650 0.402625 0.950316 -0.263272 0.440193 0.948338 
-0.196118 0.473595 0.946044 -0.131054 0.502679 0.943959 
-0.067991 0.527352 0.942523 -0.007097 0.547888 0.941647 
0.051357 0.564702 0.941038 0.107102 0.578210 0.940403 
0.159868 0.588826 0.939449 0.209390 0.596965 0.937887 
0.255730 0.602846 0.935636 0.299533 0.606353 0.932986 
0.341501 0.607337 0.930265 0.382337 0.605646 0.927801 
0.422743 0.601129 0.925921 0.463347 0.593627 0.924902 
0.504033 0.582895 0.924512 0.544263 0.568637 0.924228 
0.583493 0.550560 0.923527 0.621181 0.528367 0.921885 
0.656785 0.501764 0.918777 0.690082 0.470801 0.913917 
0.721689 0.436424 0.907644 0.752357 0.399729 0.900396 
0.782840 0.361809 0.892612 0.813889 0.323758 0.884732 
0.846198 0.286515 0.877195 0.879469 0.248405 0.870459 
0.912581 0.205582 0.864997 0.944389 0.154137 0.861281 
0.973746 0.090161 0.859783 0.999508 0.009742 0.860975 
-0.990639 -0.017724 0.995014 -0.891661 0.036625 0.995495 
-0.798234 0.090449 0.996232 -0.709732 0.143688 0.997140 
-0.625531 0.196285 0.998135 -0.545004 0.248182 0.999134 
-0.467531 0.299303 1.000054 -0.392710 0.348964 1.000849 
-0.320397 0.395751 1.001517 -0.250463 0.438206 1.002063 
-0.182779 0.474869 1.002487 -0.117219 0.504283 1.002791 
-0.053683 0.525366 1.002964 0.007734 0.539348 1.002905 
0.066867 0.548344 1.002478 0.123549 0.554472 1.001551 
0.177615 0.559847 0.999987 0.228899 0.566570 0.997654 
0.277360 0.575376 0.994557 0.323170 0.584595 0.990947 
0.366526 0.592311 0.987097 0.407623 0.596610 0.983283 
0.446655 0.595576 0.979779 0.483831 0.587501 0.976822 
0.519482 0.572706 0.974291 0.554009 0.552667 0.971856 
0.587814 0.528872 0.969190 0.621300 0.502807 0.965960 
0.654867 0.475960 0.961838 0.688684 0.449153 0.956639 
0.722303 0.421469 0.950557 0.755179 0.391706 0.943850 
0.786765 0.358664 0.936775 0.816514 0.321141 0.929587 
0.843961 0.277990 0.922580 0.869961 0.228930 0.916660 
0.896474 0.174407 0.913240 0.925490 0.114885 0.913748 
0.958999 0.050829 0.919613 0.998993 -0.017294 0.932263 

LINES 32 1312
40 0 1 2 3 4 5 6 7 8 9 10 11 12 13 14 15 16 17 18 19 20 21 22 23 24 25 26 27 28 29 30 31 32 33 34 35 36 37 38 39 
40 120 121 122 123 124 125 126 127 128 129 130 131 132 133 134 135 136 137 138 139 140 141 142 143 144 145 146 147 148 149 150 151 152 153 154 155 156 157 158 159 
40 200 201 202 203 204 205 206 207 208 209 210 211 212 213 214 215 216 217 218 219 220 221 222 223 224 225 226 227 228 229 230 231 232 233 234 235 236 237 238 239 
40 320 321 322 323 324 325 326 327 328 329 330 331 332 333 334 335 336 337 338 339 340 341 342 343 344 345 346 347 348 349 350 351 352 353 354 355 356 357 358 359 
40 400 401 402 403 404 405 406 407 408 409 410 411 412 413 414 415 416 417 418 419 420 421 422 423 424 425 426 427 428 429 430 431 432 433 434 435 436 437 438 439 
40 520 521 522 523 524 525 526 527 528 529 530 531 532 533 534 535 536 537 538 539 540 541 542 543 544 545 546 547 548 549 550 551 552 553 554 555 556 557 558 559 
40 640 641 642 643 644 645 646 647 648 649 650 651 652 653 654 655 656 657 658 659 660 661 662 663 664 665 666 667 668 669 670 671 672 673 674 675 676 677 678 679 
40 720 721 722 723 724 725 726 727 728 729 730 731 732 733 734 735 736 737 738 739 740 741 742 743 744 745 746 747 748 749 750 751 752 753 754 755 756 757 758 759 
40 840 841 842 843 844 845 846 847 848 849 850 851 852 853 854 855 856 857 858 859 860 861 862 863 864 865 866 867 868 869 870 871 872 873 874 875 876 877 878 879 
40 920 921 922 923 924 925 926 927 928 929 930 931 932 933 934 935 936 937 938 939 940 941 942 943 944 945 946 947 948 949 950 951 952 953 954 955 956 957 958 959 
40 1040 1041 1042 1043 1044 1045 1046 1047 1048 1049 1050 1051 1052 1053 1054 1055 1056 1057 1058 1059 1060 1061 1062 1063 1064 1065 1066 1067 1068 1069 1070 1071 1072 1073 1074 1075 1076 1077 1078 1079 
40 1160 1161 1162 1163 1164 1165 1166 1167 1168 1169 1170 1171 1172 1173 1174 1175 1176 1177 1178 1179 1180 1181 1182 1183 1184 1185 1186 1187 1188 1189 1190 1191 1192 1193 1194 1195 1196 1197 1198 1199 
40 1240 1241 1242 1243 1244 1245 1246 1247 1248 1249 1250 1251 1252 1253 1254 1255 1256 1257 1258 1259 1260 1261 1262 1263 1264 1265 1266 1267 1268 1269 1270 1271 1272 1273 1274 1275 1276 1277 1278 1279 
40 1360 1361 1362 1363 1364 1365 1366 1367 1368 1369 1370 1371 1372 1373 1374 1375 1376 1377 1378 1379 1380 1381 1382 1383 1384 1385 1386 1387 1388 1389 1390 1391 1392 1393 1394 1395 1396 1397 1398 1399 
40 1440 1441 1442 1443 1444 1445 1446 1447 1448 1449 1450 1451 1452 1453 1454 1455 1456 1457 1458 1459 1460 1461 1462 1463 1464 1465 1466 1467 1468 1469 1470 1471 1472 1473 1474 1475 1476 1477 1478 1479 
40 1560 1561 1562 1563 1564 1565 1566 1567 1568 1569 1570 1571 1572 1573 1574 1575 1576 1577 1578 1579 1580 1581 1582 1583 1584 1585 1586 1587 1588 1589 1590 1591 1592 1593 1594 1595 1596 1597 1598 1599 
40 0 40 80 120 160 200 240 280 320 360 400 440 480 520 560 600 640 680 720 760 800 840 880 920 960 1000 1040 1080 1120 1160 1200 1240 1280 1320 1360 1400 1440 1480 1520 1560 
40 3 43 83 123 163 203 243 283 323 363 403 443 483 523 563 603 643 683 723 763 803 843 883 923 963 1003 1043 1083 1123 1163 1203 1243 1283 1323 1363 1403 1443 1483 1523 1563 
40 5 45 85 125 165 205 245 285 325 365 405 445 485 525 565 605 645 685 725 765 805 845 885 925 965 1005 1045 1085 1125 1165 1205 1245 1285 1325 1365 1405 1445 1485 1525 1565 
40 8 48 88 128 168 208 248 288 328 368 408 448 488 528 568 608 648 688 728 768 808 848 888 928 968 1008 1048 1088 1128 1168 1208 1248 1288 1328 1368 1408 1448 1488 1528 1568 
40 10 50 90 130 170 210 250 290 330 370 410 450 490 530 570 610 650 690 730 770 810 850 890 930 970 1010 1050 1090 1130 1170 1210 1250 1290 1330 1370 1410 1450 1490 1530 1570 
40 13 53 93 133 173 213 253 293 333 373 413 453 493 533 573 613 653 693 733 773 813 853 893 933 973 1013 1053 1093 1133 1173 1213 1253 1293 1333 1373 1413 1453 1493 1533 1573 
40 16 56 96 136 176 216 256 296 336 376 416 456 496 536 576 616 656 696 736 776 816 856 896 936 976 1016 1056 1096 1136 1176 1216 1256 1296 1336 1376 1416 1456 1496 1536 1576 
40 18 58 98 138 178 218 258 298 338 378 418 458 498 538 578 618 658 698 738 778 818 858 898 938 978 1018 1058 1098 1138 1178 1218 1258 1298 1338 1378 1418 1458 1498 1538 1578 
40 21 61 101 141 181 221 261 301 341 381 421 461 501 541 581 621 661 701 741 781 821 861 901 941 981 1021 1061 1101 1141 1181 1221 1261 1301 1341 1381 1421 1461 1501 1541 1581 
40 23 63 103 143 183 223 263 303 343 383 423 463 503 543 583 623 663 703 743 783 823 863 903 943 983 1023 1063 1103 1143 1183 1223 1263 1303 1343 1383 1423 1463 1503 1543 1583 
40 26 66 106 146 186 226 266 306 346 386 426 466 506 546 586 626 666 706 746 786 826 866 906 946 986 1026 1066 1106 1146 1186 1226 1266 1306 1346 1386 1426 1466 1506 1546 1586 
40 29 69 109 149 189 229 269 309 349 389 429 469 509 549 589 629 669 709 749 789 829 869 909 949 989 1029 1069 1109 1149 1189 1229 1269 1309 1349 1389 1429 1469 1509 1549 1589 
40 31 71 111 151 191 231 271 311 351 391 431 471 511 551 591 631 671 711 751 791 831 871 911 951 991 1031 1071 1111 1151 1191 1231 1271 1311 1351 1391 1431 1471 1511 1551 1591 
40 34 74 114 154 194 234 274 314 354 394 434 474 514 554 594 634 674 714 754 794 834 874 914 954 994 1034 1074 1114 1154 1194 1234 1274 1314 1354 1394 1434 1474 1514 1554 1594 
40 36 76 116 156 196 236 276 316 356 396 436 476 516 556 596 636 676 716 756 796 836 876 916 956 996 1036 1076 1116 1156 1196 1236 1276 1316 1356 1396 1436 1476 1516 1556 1596 
40 39 79 119 159 199 239 279 319 359 399 439 479 519 559 599 639 679 719 759 799 839 879 919 959 999 1039 1079 1119 1159 1199 1239 1279 1319 1359 1399 1439 1479 1519 1559 1599 

